5,18,2,18.0
5,19,2,18.0
5,20,2,16.0
5,21,2,17.0
5,22,2,18.0
5,23,2,0.0
6,24,2,2.0
6,1,2,0.0
6,2,2,5.0
6,3,2,0.0
6,4,2,1.0
6,5,2,19.0
6,6,2,0.0
6,7,2,0.0
6,8,2,0.0
6,9,2,1.0
6,10,2,0.0
6,11,2,58.0
6,12,2,18.0
6,13,2,19.0
6,14,2,18.0
6,15,2,19.0
6,16,2,19.0
6,17,2,18.0
6,18,2,17.0
6,19,2,17.0
6,20,2,16.0
6,21,2,20.0
6,22,2,19.0
6,23,2,0.0
0,24,1,2.0
0,1,1,0.0
0,2,1,0.0
0,3,1,0.0
0,4,1,0.0
0,5,1,1.0
0,6,1,0.0
0,7,1,1.0
0,8,1,19.0
0,9,1,56.0
0,10,1,17.0
0,11,1,18.0
0,12,1,19.0
0,13,1,18.0
0,14,1,0.0
0,15,1,18.0
0,16,1,18.0
0,17,1,17.0
0,18,1,19.0
0,19,1,0.0
0,20,1,1.0
0,21,1,17.0
0,22,1,0.0
0,23,1,36.0
1,24,1,1.0
1,1,1,18.0
1,2,1,2.0
1,3,1,0.0
1,4,1,0.0
1,5,1,0.0
1,6,1,0.0
1,7,1,0.0
1,8,1,17.0
1,9,1,93.0
1,10,1,0.0
1,11,1,37.0
1,12,1,36.0
1,13,1,0.0
1,14,1,0.0
1,15,1,0.0
1,16,1,18.0
1,17,1,18.0
1,18,1,17.0
1,19,1,17.0
1,20,1,0.0
1,21,1,36.0
1,22,1,1.0
1,23,1,1.0
2,24,1,0.0
2,1,1,0.0
2,2,1,0.0
2,3,1,18.0
2,4,1,0.0
2,5,1,1.0
2,6,1,0.0
2,7,1,0.0
2,8,1,19.0
2,9,1,18.0
2,10,1,18.0
2,11,1,52.0
2,12,1,18.0
2,13,1,18.0
2,14,1,19.0
2,15,1,0.0
2,16,1,1.0
2,17,1,0.0
2,18,1,0.0
2,19,1,17.0
2,20,1,17.0
2,21,1,17.0
2,22,1,17.0
2,23,1,20.0
3,24,1,18.0
3,1,1,19.0
3,2,1,17.0
3,3,1,0.0
3,4,1,0.0
3,5,1,0.0
3,6,1,2.0
3,7,1,0.0
3,8,1,0.0
3,9,1,19.0
3,10,1,18.0
3,11,1,0.0
3,12,1,0.0
3,13,1,37.0
3,14,1,19.0
3,15,1,0.0
3,16,1,0.0
3,17,1,17.0
3,18,1,17.0
3,19,1,17.0
3,20,1,37.0
3,21,1,19.0
3,22,1,0.0
3,23,1,2.0
4,24,1,0.0
4,1,1,0.0
4,2,1,0.0
4,3,1,0.0
4,4,1,0.0
4,5,1,0.0
4,6,1,2.0
4,7,1,0.0
4,8,1,18.0
4,9,1,20.0
4,10,1,17.0
4,11,1,18.0
4,12,1,38.0
4,13,1,0.0
4,14,1,0.0
4,15,1,18.0
4,16,1,18.0
4,17,1,18.0
4,18,1,0.0
4,19,1,17.0
4,20,1,17.0
4,21,1,19.0
4,22,1,0.0
4,23,1,1.0
5,24,2,0.0
5,1,2,1.0
5,2,2,0.0
5,3,2,0.0
5,4,2,0.0
5,5,2,17.0
5,6,2,1.0
5,7,2,0.0
5,8,2,17.0
5,9,2,18.0
5,10,2,17.0
5,11,2,17.0
5,12,2,0.0
5,13,2,19.0
5,14,2,18.0
5,15,2,18.0
5,16,2,18.0
5,17,2,54.0
5,18,2,17.0
5,19,2,18.0
5,20,2,17.0
5,21,2,19.0
5,22,2,0.0
5,23,2,2.0
6,24,2,18.0
6,1,2,19.0
6,2,2,54.0
6,3,2,1.0
6,4,2,0.0
6,5,2,1.0
6,6,2,0.0
6,7,2,0.0
6,8,2,0.0
6,9,2,0.0
6,10,2,19.0
6,11,2,18.0
6,12,2,19.0
6,13,2,71.0
6,14,2,23.0
6,15,2,38.0
6,16,2,6.0
6,17,2,0.0
6,18,2,0.0
6,19,2,0.0
6,20,2,0.0
6,21,2,0.0
6,22,2,0.0
6,23,2,0.0
0,24,1,1.0
0,1,1,19.0
0,2,1,0.0
0,3,1,0.0
0,4,1,0.0
0,5,1,0.0
0,6,1,0.0
0,7,1,0.0
0,8,1,19.0
0,9,1,0.0
0,10,1,0.0
0,11,1,0.0
0,12,1,55.0
0,13,1,0.0
0,14,1,37.0
0,15,1,28.0
0,16,1,1.0
0,17,1,76.0
0,18,1,18.0
0,19,1,39.0
0,20,1,0.0
0,21,1,20.0
0,22,1,36.0
0,23,1,0.0
1,24,1,1.0
1,1,1,0.0
1,2,1,1.0
1,3,1,0.0
1,4,1,0.0
1,5,1,0.0
1,6,1,0.0
1,7,1,2.0
1,8,1,17.0
1,9,1,17.0
1,10,1,17.0
1,11,1,18.0
1,12,1,17.0
1,13,1,17.0
1,14,1,18.0
1,15,1,20.0
1,16,1,23.0
1,17,1,18.0
1,18,1,17.0
1,19,1,18.0
1,20,1,19.0
1,21,1,21.0
1,22,1,1.0
1,23,1,0.0
2,24,1,0.0
2,1,1,0.0
2,2,1,0.0
2,3,1,0.0
2,4,1,1.0
2,5,1,0.0
2,6,1,0.0
2,7,1,2.0
2,8,1,18.0
2,9,1,17.0
2,10,1,17.0
2,11,1,18.0
2,12,1,18.0
2,13,1,0.0
2,14,1,0.0
2,15,1,1.0
2,16,1,0.0
2,17,1,0.0
2,18,1,2.0
2,19,1,0.0
2,20,1,0.0
2,21,1,18.0
2,22,1,0.0
2,23,1,0.0
3,24,1,0.0
3,1,1,0.0
3,2,1,2.0
3,3,1,0.0
3,4,1,0.0
3,5,1,2.0
3,6,1,0.0
3,7,1,0.0
3,8,1,18.0
3,9,1,19.0
3,10,1,0.0
3,11,1,0.0
3,12,1,0.0
3,13,1,0.0
3,14,1,19.0
3,15,1,18.0
3,16,1,19.0
3,17,1,18.0
3,18,1,18.0
3,19,1,55.0
3,20,1,0.0
3,21,1,71.0
3,22,1,38.0
3,23,1,18.0
4,24,1,0.0
4,1,1,0.0
4,2,1,1.0
4,3,1,1.0
4,4,1,0.0
4,5,1,0.0
4,6,1,0.0
4,7,1,0.0
4,8,1,18.0
4,9,1,18.0
4,10,1,19.0
4,11,1,17.0
4,12,1,18.0
4,13,1,18.0
4,14,1,18.0
4,15,1,18.0
4,16,1,0.0
4,17,1,0.0
4,18,1,1.0
4,19,1,1.0
4,20,1,17.0
4,21,1,0.0
4,22,1,20.0
4,23,1,42.0
5,24,2,1.0
5,1,2,1.0
5,2,2,1.0
5,3,2,1.0
5,4,2,2.0
5,5,2,0.0
5,6,2,0.0
5,7,2,0.0
5,8,2,0.0
5,9,2,1.0
5,10,2,90.0
5,11,2,19.0
5,12,2,18.0
5,13,2,56.0
5,14,2,18.0
5,15,2,18.0
5,16,2,18.0
5,17,2,22.0
5,18,2,17.0
5,19,2,52.0
5,20,2,17.0
5,21,2,1.0
5,22,2,2.0
5,23,2,0.0
6,24,2,0.0
6,1,2,0.0
6,2,2,0.0
6,3,2,0.0
6,4,2,0.0
6,5,2,19.0
6,6,2,0.0
6,7,2,0.0
6,8,2,17.0
6,9,2,0.0
6,10,2,2.0
6,11,2,17.0
6,12,2,17.0
6,13,2,17.0
6,14,2,17.0
6,15,2,1.0
6,16,2,0.0
6,17,2,0.0
6,18,2,0.0
6,19,2,0.0
6,20,2,0.0
6,21,2,0.0
6,22,2,2.0
6,23,2,18.0
0,24,1,0.0
0,1,1,0.0
0,2,1,0.0
0,3,1,2.0
0,4,1,0.0
0,5,1,0.0
0,6,1,0.0
0,7,1,0.0
0,8,1,1.0
0,9,1,0.0
0,10,1,18.0
0,11,1,0.0
0,12,1,0.0
0,13,1,0.0
0,14,1,0.0
0,15,1,19.0
0,16,1,18.0
0,17,1,18.0
0,18,1,17.0
0,19,1,17.0
0,20,1,1.0
0,21,1,0.0
0,22,1,0.0
0,23,1,0.0
1,24,1,0.0
1,1,1,0.0
1,2,1,0.0
1,3,1,1.0
1,4,1,0.0
1,5,1,18.0
1,6,1,0.0
1,7,1,0.0
1,8,1,1.0
1,9,1,0.0
1,10,1,0.0
1,11,1,0.0
1,12,1,0.0
1,13,1,2.0
1,14,1,0.0
1,15,1,0.0
1,16,1,0.0
1,17,1,18.0
1,18,1,18.0
1,19,1,17.0
1,20,1,17.0
1,21,1,18.0
1,22,1,0.0
1,23,1,2.0
2,24,1,0.0
2,1,1,0.0
2,2,1,0.0
2,3,1,0.0
2,4,1,1.0
2,5,1,0.0
2,6,1,0.0
2,7,1,0.0
2,8,1,0.0
2,9,1,0.0
2,10,1,0.0
2,11,1,0.0
2,12,1,18.0
2,13,1,18.0
2,14,1,18.0
2,15,1,0.0
2,16,1,1.0
2,17,1,0.0
2,18,1,0.0
2,19,1,0.0
2,20,1,0.0
2,21,1,2.0
2,22,1,0.0
2,23,1,19.0
3,24,1,0.0
3,1,1,2.0
3,2,1,1.0
3,3,1,0.0
3,4,1,0.0
3,5,1,0.0
3,6,1,0.0
3,7,1,1.0
3,8,1,0.0
3,9,1,0.0
3,10,1,17.0
3,11,1,18.0
3,12,1,19.0
3,13,1,43.0
3,14,1,57.0
3,15,1,18.0
3,16,1,19.0
3,17,1,43.0
3,18,1,17.0
3,19,1,17.0
3,20,1,0.0
3,21,1,0.0
3,22,1,0.0
3,23,1,1.0
4,24,1,0.0
4,1,1,2.0
4,2,1,0.0
4,3,1,0.0
4,4,1,0.0
4,5,1,0.0
4,6,1,0.0
4,7,1,0.0
4,8,1,1.0
4,9,1,0.0
4,10,1,17.0
4,11,1,0.0
4,12,1,0.0
4,13,1,0.0
4,14,1,0.0
4,15,1,2.0
4,16,1,0.0
4,17,1,18.0
4,18,1,17.0
4,19,1,17.0
4,20,1,3.0
4,21,1,20.0
4,22,1,56.0
4,23,1,18.0
5,24,2,18.0
5,1,2,17.0
5,2,2,0.0
5,3,2,1.0
5,4,2,0.0
5,5,2,1.0
5,6,2,0.0
5,7,2,0.0
5,8,2,0.0
5,9,2,0.0
5,10,2,2.0
5,11,2,0.0
5,12,2,17.0
5,13,2,18.0
5,14,2,17.0
5,15,2,18.0
5,16,2,0.0
5,17,2,2.0
5,18,2,0.0
5,19,2,0.0
5,20,2,0.0
5,21,2,0.0
5,22,2,0.0
5,23,2,0.0
6,24,2,20.0
6,1,2,0.0
6,2,2,0.0
6,3,2,0.0
6,4,2,0.0
6,5,2,0.0
6,6,2,0.0
6,7,2,2.0
6,8,2,0.0
6,9,2,0.0
6,10,2,0.0
6,11,2,17.0
6,12,2,2.0
6,13,2,0.0
6,14,2,25.0
6,15,2,18.0
6,16,2,19.0
6,17,2,21.0
6,18,2,83.0
6,19,2,18.0
6,20,2,20.0
6,21,2,22.0
6,22,2,18.0
6,23,2,22.0
0,24,1,20.0
0,1,1,18.0
0,2,1,18.0
0,3,1,19.0
0,4,1,19.0
0,5,1,18.0
0,6,1,0.0
0,7,1,1.0
0,8,1,18.0
0,9,1,0.0
0,10,1,18.0
0,11,1,17.0
0,12,1,1.0
0,13,1,0.0
0,14,1,0.0
0,15,1,18.0
0,16,1,18.0
0,17,1,19.0
0,18,1,17.0
0,19,1,19.0
0,20,1,17.0
0,21,1,18.0
0,22,1,0.0
0,23,1,0.0
1,24,1,0.0
1,1,1,0.0
1,2,1,0.0
1,3,1,0.0
1,4,1,19.0
1,5,1,0.0
1,6,1,1.0
1,7,1,18.0
1,8,1,18.0
1,9,1,19.0
1,10,1,18.0
1,11,1,18.0
1,12,1,0.0
1,13,1,2.0
1,14,1,0.0
1,15,1,0.0
1,16,1,18.0
1,17,1,18.0
1,18,1,19.0
1,19,1,17.0
1,20,1,41.0
1,21,1,88.0
1,22,1,2.0
1,23,1,38.0
2,24,1,2.0
2,1,1,18.0
2,2,1,1.0
2,3,1,1.0
2,4,1,1.0
2,5,1,1.0
2,6,1,0.0
2,7,1,20.0
2,8,1,18.0
2,9,1,19.0
2,10,1,19.0
2,11,1,18.0
2,12,1,19.0
2,13,1,17.0
2,14,1,0.0
2,15,1,32.0
2,16,1,2.0
2,17,1,1.0
2,18,1,19.0
2,19,1,17.0
2,20,1,17.0
2,21,1,17.0
2,22,1,0.0
2,23,1,0.0
3,24,1,0.0
3,1,1,0.0
3,2,1,0.0
3,3,1,1.0
3,4,1,0.0
3,5,1,2.0
3,6,1,0.0
3,7,1,18.0
3,8,1,18.0
3,9,1,18.0
3,10,1,17.0
3,11,1,18.0
3,12,1,1.0
3,13,1,0.0
3,14,1,0.0
3,15,1,0.0
3,16,1,18.0
3,17,1,22.0
3,18,1,17.0
3,19,1,18.0
3,20,1,39.0
3,21,1,19.0
3,22,1,18.0
3,23,1,2.0
4,24,1,1.0
4,1,1,2.0
4,2,1,0.0
4,3,1,0.0
4,4,1,0.0
4,5,1,0.0
4,6,1,18.0
4,7,1,17.0
4,8,1,18.0
4,9,1,18.0
4,10,1,18.0
4,11,1,0.0
4,12,1,1.0
4,13,1,0.0
4,14,1,1.0
4,15,1,0.0
4,16,1,0.0
4,17,1,0.0
4,18,1,11.0
4,19,1,18.0
4,20,1,17.0
4,21,1,20.0
4,22,1,0.0
4,23,1,0.0
5,24,2,0.0
5,1,2,0.0
5,2,2,0.0
5,3,2,0.0
5,4,2,1.0
5,5,2,0.0
5,6,2,0.0
5,7,2,0.0
5,8,2,0.0
5,9,2,59.0
5,10,2,37.0
5,11,2,91.0
5,12,2,20.0
5,13,2,39.0
5,14,2,0.0
5,15,2,33.0
5,16,2,18.0
5,17,2,18.0
5,18,2,1.0
5,19,2,0.0
5,20,2,18.0
5,21,2,54.0
5,22,2,18.0
5,23,2,44.0
6,24,2,17.0
6,1,2,0.0
6,2,2,18.0
6,3,2,1.0
6,4,2,0.0
6,5,2,1.0
6,6,2,0.0
6,7,2,0.0
6,8,2,0.0
6,9,2,0.0
6,10,2,18.0
6,11,2,54.0
6,12,2,27.0
6,13,2,1.0
6,14,2,18.0
6,15,2,18.0
6,16,2,48.0
6,17,2,0.0
6,18,2,38.0
6,19,2,17.0
6,20,2,16.0
6,21,2,17.0
6,22,2,17.0
6,23,2,18.0
0,24,1,18.0
0,1,1,18.0
0,2,1,18.0
0,3,1,1.0
0,4,1,0.0
0,5,1,0.0
0,6,1,0.0
0,7,1,0.0
0,8,1,18.0
0,9,1,55.0
0,10,1,22.0
0,11,1,17.0
0,12,1,20.0
0,13,1,0.0
0,14,1,1.0
0,15,1,18.0
0,16,1,19.0
0,17,1,18.0
0,18,1,18.0
0,19,1,17.0
0,20,1,17.0
0,21,1,17.0
0,22,1,0.0
0,23,1,0.0
1,24,1,21.0
1,1,1,1.0
1,2,1,1.0
1,3,1,1.0
1,4,1,1.0
1,5,1,18.0
1,6,1,0.0
1,7,1,19.0
1,8,1,19.0
1,9,1,1.0
1,10,1,0.0
1,11,1,0.0
1,12,1,0.0
1,13,1,1.0
1,14,1,19.0
1,15,1,20.0
1,16,1,2.0
1,17,1,18.0
1,18,1,17.0
1,19,1,18.0
1,20,1,0.0
1,21,1,0.0
1,22,1,0.0
1,23,1,1.0
2,24,1,0.0
2,1,1,0.0
2,2,1,0.0
2,3,1,0.0
2,4,1,0.0
2,5,1,0.0
2,6,1,0.0
2,7,1,18.0
2,8,1,17.0
2,9,1,58.0
2,10,1,19.0
2,11,1,24.0
2,12,1,18.0
2,13,1,18.0
2,14,1,18.0
2,15,1,50.0
2,16,1,20.0
2,17,1,23.0
2,18,1,2.0
2,19,1,0.0
2,20,1,0.0
2,21,1,17.0
2,22,1,55.0
2,23,1,21.0
3,24,1,19.0
3,1,1,20.0
3,2,1,0.0
3,3,1,0.0
3,4,1,0.0
3,5,1,0.0
3,6,1,0.0
3,7,1,17.0
3,8,1,17.0
3,9,1,17.0
3,10,1,17.0
3,11,1,0.0
3,12,1,1.0
3,13,1,0.0
3,14,1,2.0
3,15,1,0.0
3,16,1,19.0
3,17,1,17.0
3,18,1,17.0
3,19,1,17.0
3,20,1,18.0
3,21,1,18.0
3,22,1,18.0
3,23,1,18.0
4,24,1,0.0
4,1,1,0.0
4,2,1,0.0
4,3,1,1.0
4,4,1,0.0
4,5,1,1.0
4,6,1,0.0
4,7,1,19.0
4,8,1,18.0
4,9,1,18.0
4,10,1,18.0
4,11,1,0.0
4,12,1,0.0
4,13,1,0.0
4,14,1,0.0
4,15,1,0.0
4,16,1,2.0
4,17,1,18.0
4,18,1,2.0
4,19,1,0.0
4,20,1,0.0
4,21,1,0.0
4,22,1,0.0
4,23,1,19.0
5,24,2,0.0
5,1,2,0.0
5,2,2,0.0
5,3,2,2.0
5,4,2,0.0
5,5,2,2.0
5,6,2,0.0
5,7,2,2.0
5,8,2,0.0
5,9,2,18.0
5,10,2,1.0
5,11,2,36.0
5,12,2,0.0
5,13,2,56.0
5,14,2,59.0
5,15,2,20.0
5,16,2,17.0
5,17,2,18.0
5,18,2,18.0
5,19,2,51.0
5,20,2,18.0
5,21,2,19.0
5,22,2,1.0
5,23,2,0.0
6,24,2,0.0
6,1,2,0.0
6,2,2,19.0
6,3,2,0.0
6,4,2,0.0
6,5,2,0.0
6,6,2,0.0
6,7,2,0.0
6,8,2,0.0
6,9,2,17.0
6,10,2,17.0
6,11,2,17.0
6,12,2,54.0
6,13,2,18.0
6,14,2,76.0
6,15,2,18.0
6,16,2,0.0
6,17,2,1.0
6,18,2,50.0
6,19,2,53.0
6,20,2,54.0
6,21,2,78.0
6,22,2,62.0
6,23,2,2.0
0,24,1,0.0
0,1,1,0.0
0,2,1,0.0
0,3,1,0.0
0,4,1,0.0
0,5,1,0.0
0,6,1,5.0
0,7,1,0.0
0,8,1,17.0
0,9,1,18.0
0,10,1,20.0
0,11,1,18.0
0,12,1,19.0
0,13,1,18.0
0,14,1,19.0
0,15,1,19.0
0,16,1,20.0
0,17,1,0.0
0,18,1,1.0
0,19,1,36.0
0,20,1,17.0
0,21,1,17.0
0,22,1,0.0
0,23,1,2.0
1,24,1,0.0
1,1,1,0.0
1,2,1,0.0
1,3,1,1.0
1,4,1,2.0
1,5,1,1.0
1,6,1,1.0
1,7,1,0.0
1,8,1,19.0
1,9,1,18.0
1,10,1,1.0
1,11,1,0.0
1,12,1,0.0
1,13,1,0.0
1,14,1,1.0
1,15,1,0.0
1,16,1,1.0
1,17,1,0.0
1,18,1,1.0
1,19,1,0.0
1,20,1,1.0
1,21,1,17.0
1,22,1,0.0
1,23,1,0.0
2,24,1,0.0
2,1,1,18.0
2,2,1,0.0
2,3,1,0.0
2,4,1,0.0
2,5,1,0.0
2,6,1,0.0
2,7,1,0.0
2,8,1,17.0
2,9,1,21.0
2,10,1,47.0
2,11,1,17.0
2,12,1,16.0
2,13,1,19.0
2,14,1,56.0
2,15,1,22.0
2,16,1,19.0
2,17,1,0.0
2,18,1,0.0
2,19,1,0.0
2,20,1,0.0
2,21,1,0.0
2,22,1,0.0
2,23,1,0.0
3,24,1,18.0
3,1,1,0.0
3,2,1,0.0
3,3,1,0.0
3,4,1,0.0
3,5,1,0.0
3,6,1,0.0
3,7,1,18.0
3,8,1,18.0
3,9,1,20.0
3,10,1,0.0
3,11,1,0.0
3,12,1,0.0
3,13,1,0.0
3,14,1,0.0
3,15,1,18.0
3,16,1,19.0
3,17,1,18.0
3,18,1,56.0
3,19,1,19.0
3,20,1,18.0
3,21,1,18.0
3,22,1,0.0
3,23,1,0.0
4,24,1,0.0
4,1,1,0.0
4,2,1,0.0
4,3,1,2.0
4,4,1,0.0
4,5,1,0.0
4,6,1,0.0
4,7,1,18.0
4,8,1,0.0
4,9,1,0.0
4,10,1,1.0
4,11,1,18.0
4,12,1,18.0
4,13,1,18.0
4,14,1,18.0
4,15,1,18.0
4,16,1,0.0
4,17,1,1.0
4,18,1,0.0
4,19,1,0.0
4,20,1,0.0
4,21,1,17.0
4,22,1,0.0
4,23,1,19.0
5,24,2,35.0
5,1,2,0.0
5,2,2,2.0
5,3,2,0.0
5,4,2,1.0
5,5,2,0.0
5,6,2,0.0
5,7,2,18.0
5,8,2,0.0
5,9,2,55.0
5,10,2,17.0
5,11,2,18.0
5,12,2,18.0
5,13,2,20.0
5,14,2,17.0
5,15,2,43.0
5,16,2,19.0
5,17,2,18.0
5,18,2,17.0
5,19,2,0.0
5,20,2,1.0
5,21,2,21.0
5,22,2,0.0
5,23,2,0.0
6,24,2,55.0
6,1,2,0.0
6,2,2,0.0
6,3,2,0.0
6,4,2,2.0
6,5,2,1.0
6,6,2,1.0
6,7,2,1.0
6,8,2,2.0
6,9,2,17.0
6,10,2,2.0
6,11,2,0.0
6,12,2,56.0
6,13,2,53.0
6,14,2,53.0
6,15,2,21.0
6,16,2,18.0
6,17,2,17.0
6,18,2,17.0
6,19,2,17.0
6,20,2,18.0
6,21,2,18.0
6,22,2,0.0
6,23,2,0.0
0,24,1,0.0
0,1,1,0.0
0,2,1,0.0
0,3,1,0.0
0,4,1,0.0
0,5,1,0.0
0,6,1,0.0
0,7,1,0.0
0,8,1,17.0
0,9,1,17.0
0,10,1,17.0
0,11,1,17.0
0,12,1,17.0
0,13,1,18.0
0,14,1,18.0
0,15,1,18.0
0,16,1,18.0
0,17,1,19.0
0,18,1,17.0
0,19,1,17.0
0,20,1,17.0
0,21,1,18.0
0,22,1,37.0
0,23,1,0.0
1,24,1,18.0
1,1,1,0.0
1,2,1,0.0
1,3,1,0.0
1,4,1,0.0
1,5,1,0.0
1,6,1,0.0
1,7,1,17.0
1,8,1,18.0
1,9,1,17.0
1,10,1,1.0
1,11,1,0.0
1,12,1,1.0
1,13,1,0.0
1,14,1,2.0
1,15,1,0.0
1,16,1,21.0
1,17,1,18.0
1,18,1,18.0
1,19,1,53.0
1,20,1,1.0
1,21,1,54.0
1,22,1,3.0
1,23,1,8.0
2,24,1,1.0
2,1,1,0.0
2,2,1,1.0
2,3,1,18.0
2,4,1,1.0
2,5,1,0.0
2,6,1,1.0
2,7,1,0.0
2,8,1,18.0
2,9,1,17.0
2,10,1,17.0
2,11,1,17.0
2,12,1,89.0
2,13,1,22.0
2,14,1,18.0
2,15,1,18.0
2,16,1,40.0
2,17,1,18.0
2,18,1,20.0
2,19,1,17.0
2,20,1,17.0
2,21,1,0.0
2,22,1,17.0
2,23,1,2.0
3,24,1,0.0
3,1,1,0.0
3,2,1,0.0
3,3,1,0.0
3,4,1,1.0
3,5,1,0.0
3,6,1,18.0
3,7,1,18.0
3,8,1,17.0
3,9,1,19.0
3,10,1,55.0
3,11,1,17.0
3,12,1,18.0
3,13,1,0.0
3,14,1,1.0
3,15,1,0.0
3,16,1,0.0
3,17,1,0.0
3,18,1,2.0
3,19,1,18.0
3,20,1,17.0
3,21,1,18.0
3,22,1,17.0
3,23,1,19.0
4,24,1,18.0
4,1,1,0.0
4,2,1,0.0
4,3,1,0.0
4,4,1,0.0
4,5,1,0.0
4,6,1,1.0
4,7,1,18.0
4,8,1,17.0
4,9,1,18.0
4,10,1,17.0
4,11,1,18.0
4,12,1,0.0
4,13,1,18.0
4,14,1,18.0
4,15,1,0.0
4,16,1,0.0
4,17,1,0.0
4,18,1,0.0
4,19,1,18.0
4,20,1,18.0
4,21,1,0.0
4,22,1,0.0
4,23,1,18.0
5,24,2,19.0
5,1,2,17.0
5,2,2,17.0
5,3,2,0.0
5,4,2,0.0
5,5,2,0.0
5,6,2,0.0
5,7,2,0.0
5,8,2,1.0
5,9,2,0.0
5,10,2,18.0
5,11,2,17.0
5,12,2,17.0
5,13,2,19.0
5,14,2,18.0
5,15,2,21.0
5,16,2,28.0
5,17,2,19.0
5,18,2,18.0
5,19,2,85.0
5,20,2,54.0
5,21,2,18.0
5,22,2,55.0
5,23,2,18.0
6,24,2,18.0
6,1,2,17.0
6,2,2,17.0
6,3,2,1.0
6,4,2,0.0
6,5,2,0.0
6,6,2,0.0
6,7,2,0.0
6,8,2,1.0
6,9,2,0.0
6,10,2,18.0
6,11,2,18.0
6,12,2,18.0
6,13,2,56.0
6,14,2,17.0
6,15,2,18.0
6,16,2,19.0
6,17,2,50.0
6,18,2,18.0
6,19,2,51.0
6,20,2,18.0
6,21,2,17.0
6,22,2,0.0
6,23,2,14.0
0,24,1,1.0
0,1,1,0.0
0,2,1,0.0
0,3,1,2.0
0,4,1,1.0
0,5,1,1.0
0,6,1,0.0
0,7,1,0.0
0,8,1,18.0
0,9,1,17.0
0,10,1,17.0
0,11,1,1.0
0,12,1,0.0
0,13,1,0.0
0,14,1,0.0
0,15,1,18.0
0,16,1,18.0
0,17,1,0.0
0,18,1,0.0
0,19,1,0.0
0,20,1,0.0
0,21,1,37.0
0,22,1,0.0
0,23,1,0.0
1,24,1,2.0
1,1,1,18.0
1,2,1,0.0
1,3,1,0.0
1,4,1,0.0
1,5,1,1.0
1,6,1,0.0
1,7,1,0.0
1,8,1,19.0
1,9,1,1.0
1,10,1,19.0
1,11,1,0.0
1,12,1,0.0
1,13,1,1.0
1,14,1,0.0
1,15,1,18.0
1,16,1,1.0
1,17,1,0.0
1,18,1,0.0
1,19,1,1.0
1,20,1,0.0
1,21,1,18.0
1,22,1,17.0
1,23,1,0.0
2,24,1,2.0
2,1,1,0.0
2,2,1,0.0
2,3,1,1.0
2,4,1,0.0
2,5,1,0.0
2,6,1,18.0
2,7,1,17.0
2,8,1,19.0
2,9,1,18.0
2,10,1,17.0
2,11,1,18.0
2,12,1,32.0
2,13,1,18.0
2,14,1,18.0
2,15,1,18.0
2,16,1,41.0
2,17,1,26.0
2,18,1,4.0
2,19,1,0.0
2,20,1,0.0
2,21,1,17.0
2,22,1,18.0
2,23,1,1.0
3,24,1,0.0
3,1,1,1.0
3,2,1,0.0
3,3,1,0.0
3,4,1,1.0
3,5,1,0.0
3,6,1,17.0
3,7,1,1.0
3,8,1,17.0
3,9,1,18.0
3,10,1,19.0
3,11,1,17.0
3,12,1,18.0
3,13,1,19.0
3,14,1,0.0
3,15,1,0.0
3,16,1,0.0
3,17,1,0.0
3,18,1,18.0
3,19,1,0.0
3,20,1,1.0
3,21,1,20.0
3,22,1,2.0
3,23,1,18.0
4,24,1,2.0
4,1,1,0.0
4,2,1,0.0
4,3,1,1.0
4,4,1,0.0
4,5,1,0.0
4,6,1,0.0
4,7,1,19.0
4,8,1,18.0
4,9,1,17.0
4,10,1,18.0
4,11,1,18.0
4,12,1,18.0
4,13,1,0.0
4,14,1,20.0
4,15,1,18.0
4,16,1,0.0
4,17,1,0.0
4,18,1,0.0
4,19,1,0.0
4,20,1,0.0
4,21,1,0.0
4,22,1,51.0
4,23,1,13.0
5,24,2,1.0
5,1,2,0.0
5,2,2,0.0
5,3,2,1.0
5,4,2,1.0
5,5,2,1.0
5,6,2,0.0
5,7,2,18.0
5,8,2,2.0
5,9,2,1.0
5,10,2,38.0
5,11,2,19.0
5,12,2,53.0
5,13,2,20.0
5,14,2,54.0
5,15,2,18.0
5,16,2,19.0
5,17,2,19.0
5,18,2,17.0
5,19,2,17.0
5,20,2,54.0
5,21,2,18.0
5,22,2,17.0
5,23,2,18.0
6,24,2,2.0
6,1,2,0.0
6,2,2,0.0
6,3,2,1.0
6,4,2,0.0
6,5,2,18.0
6,6,2,2.0
6,7,2,0.0
6,8,2,0.0
6,9,2,0.0
6,10,2,18.0
6,11,2,1.0
6,12,2,19.0
6,13,2,57.0
6,14,2,57.0
6,15,2,92.0
6,16,2,0.0
6,17,2,2.0
6,18,2,17.0
6,19,2,18.0
6,20,2,17.0
6,21,2,18.0
6,22,2,19.0
6,23,2,17.0
0,24,1,18.0
0,1,1,20.0
0,2,1,0.0
0,3,1,0.0
0,4,1,0.0
0,5,1,0.0
0,6,1,0.0
0,7,1,18.0
0,8,1,18.0
0,9,1,20.0
0,10,1,17.0
0,11,1,17.0
0,12,1,18.0
0,13,1,0.0
0,14,1,0.0
0,15,1,19.0
0,16,1,18.0
0,17,1,0.0
0,18,1,0.0
0,19,1,0.0
0,20,1,2.0
0,21,1,18.0
0,22,1,1.0
0,23,1,1.0
1,24,1,0.0
1,1,1,0.0
1,2,1,0.0
1,3,1,0.0
1,4,1,2.0
1,5,1,0.0
1,6,1,0.0
1,7,1,0.0
1,8,1,18.0
1,9,1,1.0
1,10,1,0.0
1,11,1,0.0
1,12,1,0.0
1,13,1,0.0
1,14,1,0.0
1,15,1,0.0
1,16,1,0.0
1,17,1,18.0
1,18,1,17.0
1,19,1,17.0
1,20,1,4.0
1,21,1,17.0
1,22,1,33.0
1,23,1,19.0
2,24,1,0.0
2,1,1,1.0
2,2,1,0.0
2,3,1,0.0
2,4,1,0.0
2,5,1,0.0
2,6,1,1.0
2,7,1,18.0
2,8,1,19.0
2,9,1,21.0
2,10,1,18.0
2,11,1,18.0
2,12,1,55.0
2,13,1,57.0
2,14,1,18.0
2,15,1,18.0
2,16,1,36.0
2,17,1,1.0
2,18,1,0.0
2,19,1,2.0
2,20,1,0.0
2,21,1,19.0
2,22,1,1.0
2,23,1,1.0
3,24,1,0.0
3,1,1,0.0
3,2,1,2.0
3,3,1,0.0
3,4,1,0.0
3,5,1,0.0
3,6,1,1.0
3,7,1,17.0
3,8,1,18.0
3,9,1,17.0
3,10,1,18.0
3,11,1,18.0
3,12,1,18.0
3,13,1,19.0
3,14,1,0.0
3,15,1,0.0
3,16,1,0.0
3,17,1,0.0
3,18,1,0.0
3,19,1,18.0
3,20,1,51.0
3,21,1,17.0
3,22,1,18.0
3,23,1,19.0
4,24,1,19.0
4,1,1,18.0
4,2,1,0.0
4,3,1,1.0
4,4,1,0.0
4,5,1,0.0
4,6,1,18.0
4,7,1,20.0
4,8,1,0.0
4,9,1,0.0
4,10,1,2.0
4,11,1,0.0
4,12,1,9.0
4,13,1,0.0
4,14,1,1.0
4,15,1,0.0
4,16,1,0.0
4,17,1,1.0
4,18,1,0.0
4,19,1,17.0
4,20,1,52.0
4,21,1,18.0
4,22,1,17.0
4,23,1,18.0
5,24,2,19.0
5,1,2,18.0
5,2,2,0.0
5,3,2,0.0
5,4,2,1.0
5,5,2,0.0
5,6,2,0.0
5,7,2,0.0
5,8,2,0.0
5,9,2,55.0
5,10,2,19.0
5,11,2,0.0
5,12,2,1.0
5,13,2,1.0
5,14,2,21.0
5,15,2,0.0
5,16,2,19.0
5,17,2,1.0
5,18,2,0.0
5,19,2,18.0
5,20,2,2.0
5,21,2,0.0
5,22,2,0.0
5,23,2,0.0
6,24,2,1.0
6,1,2,19.0
6,2,2,0.0
6,3,2,1.0
6,4,2,0.0
6,5,2,0.0
6,6,2,0.0
6,7,2,10.0
6,8,2,0.0
6,9,2,17.0
6,10,2,54.0
6,11,2,54.0
6,12,2,45.0
6,13,2,47.0
6,14,2,19.0
6,15,2,44.0
6,16,2,18.0
6,17,2,1.0
6,18,2,22.0
6,19,2,21.0
6,20,2,19.0
6,21,2,19.0
6,22,2,1.0
6,23,2,1.0
0,24,1,1.0
0,1,1,1.0
0,2,1,0.0
0,3,1,0.0
0,4,1,1.0
0,5,1,0.0
0,6,1,0.0
0,7,1,20.0
0,8,1,17.0
0,9,1,17.0
0,10,1,17.0
0,11,1,18.0
0,12,1,17.0
0,13,1,18.0
0,14,1,1.0
0,15,1,0.0
0,16,1,0.0
0,17,1,0.0
0,18,1,19.0
0,19,1,18.0
0,20,1,52.0
0,21,1,20.0
0,22,1,53.0
0,23,1,0.0
1,24,1,2.0
1,1,1,0.0
1,2,1,0.0
1,3,1,1.0
1,4,1,17.0
1,5,1,0.0
1,6,1,0.0
1,7,1,18.0
1,8,1,17.0
1,9,1,18.0
1,10,1,18.0
1,11,1,17.0
1,12,1,18.0
1,13,1,19.0
1,14,1,19.0
1,15,1,0.0
1,16,1,0.0
1,17,1,0.0
1,18,1,0.0
1,19,1,42.0
1,20,1,0.0
1,21,1,54.0
1,22,1,1.0
1,23,1,28.0
2,24,1,2.0
2,1,1,3.0
2,2,1,2.0
2,3,1,0.0
2,4,1,0.0
2,5,1,0.0
2,6,1,0.0
2,7,1,18.0
2,8,1,18.0
2,9,1,20.0
2,10,1,17.0
2,11,1,17.0
2,12,1,0.0
2,13,1,0.0
2,14,1,1.0
2,15,1,19.0
2,16,1,18.0
2,17,1,18.0
2,18,1,56.0
2,19,1,2.0
2,20,1,43.0
2,21,1,17.0
2,22,1,0.0
2,23,1,21.0
3,24,1,55.0
3,1,1,0.0
3,2,1,0.0
3,3,1,0.0
3,4,1,0.0
3,5,1,0.0
3,6,1,2.0
3,7,1,17.0
3,8,1,17.0
3,9,1,17.0
3,10,1,17.0
3,11,1,20.0
3,12,1,17.0
3,13,1,0.0
3,14,1,0.0
3,15,1,0.0
3,16,1,0.0
3,17,1,0.0
3,18,1,2.0
3,19,1,17.0
3,20,1,21.0
3,21,1,47.0
3,22,1,18.0
3,23,1,53.0
4,24,1,20.0
4,1,1,0.0
4,2,1,0.0
4,3,1,0.0
4,4,1,0.0
4,5,1,1.0
4,6,1,0.0
4,7,1,2.0
4,8,1,17.0
4,9,1,18.0
4,10,1,17.0
4,11,1,0.0
4,12,1,18.0
4,13,1,18.0
4,14,1,20.0
4,15,1,18.0
4,16,1,18.0
4,17,1,18.0
4,18,1,0.0
4,19,1,1.0
4,20,1,0.0
4,21,1,1.0
4,22,1,0.0
4,23,1,0.0
5,24,2,0.0
5,1,2,0.0
5,2,2,1.0
5,3,2,0.0
5,4,2,18.0
5,5,2,0.0
5,6,2,0.0
5,7,2,0.0
5,8,2,18.0
5,9,2,19.0
5,10,2,0.0
5,11,2,0.0
5,12,2,0.0
5,13,2,0.0
5,14,2,0.0
5,15,2,0.0
5,16,2,1.0
5,17,2,0.0
5,18,2,17.0
5,19,2,0.0
5,20,2,0.0
5,21,2,1.0
5,22,2,0.0
5,23,2,0.0
6,24,2,0.0
6,1,2,0.0
6,2,2,0.0
6,3,2,0.0
6,4,2,20.0
6,5,2,0.0
6,6,2,0.0
6,7,2,0.0
6,8,2,0.0
6,9,2,2.0
6,10,2,0.0
6,11,2,0.0
6,12,2,0.0
6,13,2,0.0
6,14,2,1.0
6,15,2,0.0
6,16,2,0.0
6,17,2,0.0
6,18,2,0.0
6,19,2,1.0
6,20,2,0.0
6,21,2,0.0
6,22,2,0.0
6,23,2,0.0
0,24,1,1.0
0,1,1,17.0
0,2,1,0.0
0,3,1,0.0
0,4,1,0.0
0,5,1,1.0
0,6,1,0.0
0,7,1,0.0
0,8,1,0.0
0,9,1,0.0
0,10,1,2.0
0,11,1,0.0
0,12,1,18.0
0,13,1,0.0
0,14,1,0.0
0,15,1,1.0
0,16,1,0.0
0,17,1,0.0
0,18,1,0.0
0,19,1,0.0
0,20,1,2.0
0,21,1,0.0
0,22,1,0.0
0,23,1,18.0
1,24,1,0.0
1,1,1,0.0
1,2,1,0.0
1,3,1,0.0
1,4,1,0.0
1,5,1,0.0
1,6,1,0.0
1,7,1,0.0
1,8,1,0.0
1,9,1,1.0
1,10,1,18.0
1,11,1,0.0
1,12,1,0.0
1,13,1,0.0
1,14,1,1.0
1,15,1,0.0
1,16,1,0.0
1,17,1,0.0
1,18,1,0.0
1,19,1,2.0
1,20,1,19.0
1,21,1,0.0
1,22,1,0.0
1,23,1,0.0
2,24,1,1.0
2,1,1,0.0
2,2,1,0.0
2,3,1,0.0
2,4,1,0.0
2,5,1,1.0
2,6,1,0.0
2,7,1,18.0
2,8,1,0.0
2,9,1,0.0
2,10,1,0.0
2,11,1,0.0
2,12,1,0.0
2,13,1,0.0
2,14,1,0.0
2,15,1,0.0
2,16,1,0.0
2,17,1,0.0
2,18,1,1.0
2,19,1,0.0
2,20,1,0.0
2,21,1,0.0
2,22,1,0.0
2,23,1,2.0
