0,1,2.0
0,2,35.0
0,3,0.0
0,4,34.0
0,5,757.0
0,6,28.0
0,7,5.0
0,8,710.0
0,9,1791.0
0,10,1375.0
0,11,1050.0
0,12,1087.0
0,13,1081.0
0,14,1074.0
0,15,1043.0
0,16,1110.0
0,17,1079.0
0,18,1067.0
0,19,1030.0
0,20,546.0
0,21,825.0
0,22,223.0
0,23,531.0
0,24,1219.0
1,1,547.0
1,2,59.0
1,3,38.0
1,4,10.0
1,5,43.0
1,6,10.0
1,7,41.0
1,8,444.0
1,9,3158.0
1,10,1336.0
1,11,85.0
1,12,2061.0
1,13,175.0
1,14,37.0
1,15,45.0
1,16,143.0
1,17,1125.0
1,18,1056.0
1,19,1082.0
1,20,702.0
1,21,1614.0
1,22,747.0
1,23,70.0
1,24,10.0
2,1,43.0
2,2,10.0
2,3,518.0
2,4,52.0
2,5,28.0
2,6,12.0
2,7,0.0
2,8,311.0
2,9,1634.0
2,10,1118.0
2,11,1257.0
2,12,2572.0
2,13,1086.0
2,14,1108.0
2,15,998.0
2,16,12.0
2,17,19.0
2,18,0.0
2,19,662.0
2,20,1031.0
2,21,1058.0
2,22,1024.0
2,23,1071.0
2,24,1087.0
3,1,1088.0
3,2,1122.0
3,3,1032.0
3,4,30.0
3,5,0.0
3,6,23.0
3,7,8.0
3,8,0.0
3,9,335.0
3,10,2274.0
3,11,1490.0
3,12,0.0
3,13,460.0
3,14,1425.0
3,15,572.0
3,16,10.0
3,17,1080.0
3,18,729.0
3,19,1048.0
3,20,993.0
3,21,542.0
3,22,517.0
3,23,12.0
3,24,19.0
4,1,0.0
4,2,31.0
4,3,0.0
4,4,31.0
4,5,0.0
4,6,557.0
4,7,8.0
4,8,224.0
4,9,1761.0
4,10,1656.0
4,11,1085.0
4,12,987.0
4,13,672.0
4,14,0.0
4,15,396.0
4,16,1075.0
4,17,1106.0
4,18,631.0
4,19,265.0
4,20,1036.0
4,21,1524.0
4,22,1556.0
4,23,23.0
4,24,8.0
5,1,2.0
5,2,29.0
5,3,0.0
5,4,31.0
5,5,124.0
5,6,452.0
5,7,3.0
5,8,651.0
5,9,1081.0
5,10,1066.0
5,11,547.0
5,12,649.0
5,13,584.0
5,14,1078.0
5,15,1063.0
5,16,1101.0
5,17,1204.0
5,18,2016.0
5,19,1042.0
5,20,1084.0
5,21,1066.0
5,22,353.0
5,23,896.0
5,24,1698.0
6,1,1082.0
6,2,1477.0
6,3,703.0
6,4,9.0
6,5,3.0
6,6,28.0
6,7,0.0
6,8,31.0
6,9,0.0
6,10,886.0
6,11,1550.0
6,12,1132.0
6,13,504.0
6,14,2174.0
6,15,695.0
6,16,2230.0
6,17,1043.0
6,18,31.0
6,19,36.0
6,20,0.0
6,21,0.0
6,22,35.0
6,23,0.0
6,24,27.0
0,1,186.0
0,2,693.0
0,3,36.0
0,4,0.0
0,5,0.0
0,6,37.0
0,7,0.0
0,8,29.0
0,9,663.0
0,10,0.0
0,11,35.0
0,12,1285.0
0,13,1631.0
0,14,1156.0
0,15,646.0
0,16,956.0
0,17,1659.0
0,18,490.0
0,19,663.0
0,20,305.0
0,21,374.0
0,22,2479.0
0,23,980.0
0,24,74.0
1,1,11.0
1,2,46.0
1,3,11.0
1,4,10.0
1,5,577.0
1,6,2.0
1,7,15.0
1,8,164.0
1,9,753.0
1,10,1453.0
1,11,1036.0
1,12,1052.0
1,13,1088.0
1,14,1055.0
1,15,2651.0
1,16,1142.0
1,17,1094.0
1,18,1086.0
1,19,1063.0
1,20,1076.0
1,21,1611.0
1,22,1566.0
1,23,36.0
1,24,0.0
2,1,0.0
2,2,35.0
2,3,0.0
2,4,10.0
2,5,26.0
2,6,594.0
2,7,28.0
2,8,290.0
2,9,1064.0
2,10,1097.0
2,11,1049.0
2,12,1059.0
2,13,805.0
2,14,0.0
2,15,2.0
2,16,33.0
2,17,0.0
2,18,20.0
2,19,15.0
2,20,0.0
2,21,1088.0
2,22,41.0
2,23,0.0
2,24,34.0
3,1,726.0
3,2,4.0
3,3,31.0
3,4,0.0
3,5,21.0
3,6,14.0
3,7,0.0
3,8,156.0
3,9,1693.0
3,10,1051.0
3,11,34.0
3,12,0.0
3,13,0.0
3,14,133.0
3,15,1089.0
3,16,1101.0
3,17,1116.0
3,18,1035.0
3,19,1185.0
3,20,617.0
3,21,210.0
3,22,3329.0
3,23,1619.0
3,24,638.0
4,1,38.0
4,2,565.0
4,3,34.0
4,4,11.0
4,5,45.0
4,6,10.0
4,7,6.0
4,8,744.0
4,9,750.0
4,10,1076.0
4,11,1088.0
4,12,1066.0
4,13,1091.0
4,14,1070.0
4,15,1089.0
4,16,307.0
4,17,0.0
4,18,11.0
4,19,504.0
4,20,332.0
4,21,1840.0
4,22,2539.0
4,23,2690.0
4,24,837.0
5,1,37.0
5,2,47.0
5,3,10.0
5,4,30.0
5,5,28.0
5,6,10.0
5,7,627.0
5,8,0.0
5,9,17.0
5,10,1605.0
5,11,3013.0
5,12,2854.0
5,13,2449.0
5,14,1782.0
5,15,1109.0
5,16,1120.0
5,17,2531.0
5,18,1082.0
5,19,1335.0
5,20,1955.0
5,21,1201.0
5,22,585.0
5,23,16.0
5,24,0.0
6,1,35.0
6,2,0.0
6,3,35.0
6,4,0.0
6,5,516.0
6,6,330.0
6,7,0.0
6,8,251.0
6,9,579.0
6,10,13.0
6,11,498.0
6,12,1044.0
6,13,1070.0
6,14,1029.0
6,15,609.0
6,16,9.0
6,17,0.0
6,18,36.0
6,19,0.0
6,20,34.0
6,21,0.0
6,22,5.0
6,23,145.0
6,24,611.0
0,1,35.0
0,2,0.0
0,3,20.0
0,4,16.0
0,5,0.0
0,6,35.0
0,7,0.0
0,8,33.0
0,9,3.0
0,10,722.0
0,11,184.0
0,12,0.0
0,13,34.0
0,14,0.0
0,15,557.0
0,16,1070.0
0,17,1053.0
0,18,1072.0
0,19,1044.0
0,20,311.0
0,21,7.0
0,22,0.0
0,23,36.0
0,24,0.0
1,1,35.0
1,2,0.0
1,3,0.0
1,4,35.0
1,5,599.0
1,6,301.0
1,7,0.0
1,8,2.0
1,9,32.0
1,10,0.0
1,11,35.0
1,12,0.0
1,13,4.0
1,14,30.0
1,15,0.0
1,16,991.0
1,17,946.0
1,18,509.0
1,19,1068.0
1,20,1053.0
1,21,1080.0
1,22,156.0
1,23,27.0
1,24,7.0
2,1,0.0
2,2,34.0
2,3,0.0
2,4,34.0
2,5,1.0
2,6,653.0
2,7,34.0
2,8,0.0
2,9,34.0
2,10,0.0
2,11,0.0
2,12,541.0
2,13,1079.0
2,14,1118.0
2,15,764.0
2,16,4.0
2,17,31.0
2,18,0.0
2,19,35.0
2,20,0.0
2,21,9.0
2,22,25.0
2,23,160.0
2,24,553.0
3,1,1081.0
3,2,562.0
3,3,16.0
3,4,0.0
3,5,36.0
3,6,0.0
3,7,24.0
3,8,12.0
3,9,0.0
3,10,1034.0
3,11,1059.0
3,12,1100.0
3,13,3445.0
3,14,3153.0
3,15,1377.0
3,16,496.0
3,17,2607.0
3,18,1286.0
3,19,1113.0
3,20,1023.0
3,21,50.0
3,22,10.0
3,23,45.0
3,24,15.0
4,1,551.0
4,2,26.0
4,3,0.0
4,4,38.0
4,5,0.0
4,6,36.0
4,7,0.0
4,8,13.0
4,9,24.0
4,10,42.0
4,11,610.0
4,12,0.0
4,13,37.0
4,14,0.0
4,15,9.0
4,16,29.0
4,17,375.0
4,18,1072.0
4,19,1015.0
4,20,371.0
4,21,1421.0
4,22,1544.0
4,23,1179.0
4,24,1072.0
5,1,1101.0
5,2,131.0
5,3,34.0
5,4,5.0
5,5,3.0
5,6,34.0
5,7,0.0
5,8,38.0
5,9,0.0
5,10,26.0
5,11,14.0
5,12,971.0
5,13,2355.0
5,14,1044.0
5,15,1093.0
5,16,268.0
5,17,23.0
5,18,15.0
5,19,0.0
5,20,38.0
5,21,0.0
5,22,38.0
5,23,0.0
5,24,185.0
6,1,605.0
6,2,0.0
6,3,38.0
6,4,0.0
6,5,38.0
6,6,0.0
6,7,10.0
6,8,27.0
6,9,0.0
6,10,38.0
6,11,622.0
6,12,684.0
6,13,4.0
6,14,2875.0
6,15,2075.0
6,16,3046.0
6,17,1110.0
6,18,1212.0
6,19,2900.0
6,20,1086.0
6,21,1486.0
6,22,2888.0
6,23,1091.0
6,24,1139.0
0,1,1097.0
0,2,1079.0
0,3,1117.0
0,4,1082.0
0,5,1120.0
0,6,828.0
0,7,15.0
0,8,156.0
0,9,1013.0
0,10,790.0
0,11,1038.0
0,12,797.0
0,13,14.0
0,14,0.0
0,15,1041.0
0,16,1081.0
0,17,1108.0
0,18,1040.0
0,19,1016.0
0,20,1056.0
0,21,1032.0
0,22,451.0
0,23,0.0
0,24,43.0
1,1,0.0
1,2,40.0
1,3,0.0
1,4,159.0
1,5,384.0
1,6,3.0
1,7,388.0
1,8,1062.0
1,9,1652.0
1,10,1608.0
1,11,1074.0
1,12,675.0
1,13,0.0
1,14,39.0
1,15,0.0
1,16,132.0
1,17,1069.0
1,18,1061.0
1,19,1052.0
1,20,879.0
1,21,1431.0
1,22,1606.0
1,23,154.0
1,24,1277.0
2,1,250.0
2,2,385.0
2,3,51.0
2,4,10.0
2,5,50.0
2,6,11.0
2,7,181.0
2,8,1067.0
2,9,1047.0
2,10,1620.0
2,11,1118.0
2,12,3628.0
2,13,1144.0
2,14,68.0
2,15,1099.0
2,16,701.0
2,17,65.0
2,18,135.0
2,19,1083.0
2,20,1018.0
2,21,1052.0
2,22,420.0
2,23,36.0
2,24,0.0
3,1,35.0
3,2,0.0
3,3,28.0
3,4,621.0
3,5,6.0
3,6,29.0
3,7,175.0
3,8,1088.0
3,9,1901.0
3,10,1099.0
3,11,1060.0
3,12,887.0
3,13,19.0
3,14,0.0
3,15,35.0
3,16,225.0
3,17,1430.0
3,18,1044.0
3,19,1060.0
3,20,2126.0
3,21,1840.0
3,22,1076.0
3,23,154.0
3,24,25.0
4,1,19.0
4,2,39.0
4,3,10.0
4,4,44.0
4,5,0.0
4,6,550.0
4,7,675.0
4,8,1082.0
4,9,1077.0
4,10,1085.0
4,11,636.0
4,12,16.0
4,13,19.0
4,14,0.0
4,15,36.0
4,16,0.0
4,17,36.0
4,18,0.0
4,19,1073.0
4,20,1038.0
4,21,1050.0
4,22,194.0
4,23,0.0
4,24,36.0
5,1,613.0
5,2,36.0
5,3,0.0
5,4,16.0
5,5,19.0
5,6,0.0
5,7,36.0
5,8,670.0
5,9,1306.0
5,10,855.0
5,11,1135.0
5,12,2059.0
5,13,1029.0
5,14,775.0
5,15,1150.0
5,16,1416.0
5,17,1084.0
5,18,846.0
5,19,8.0
5,20,869.0
5,21,2175.0
5,22,1658.0
5,23,2433.0
5,24,1934.0
6,1,289.0
6,2,24.0
6,3,1420.0
6,4,3.0
6,5,3.0
6,6,36.0
6,7,0.0
6,8,37.0
6,9,0.0
6,10,697.0
6,11,809.0
6,12,621.0
6,13,329.0
6,14,711.0
6,15,1106.0
6,16,1649.0
6,17,2415.0
6,18,2310.0
6,19,1226.0
6,20,1029.0
6,21,1033.0
6,22,1034.0
6,23,1082.0
6,24,1104.0
0,1,1076.0
0,2,1088.0
0,3,203.0
0,4,13.0
0,5,25.0
0,6,0.0
0,7,24.0
0,8,725.0
0,9,1342.0
0,10,1339.0
0,11,1594.0
0,12,1073.0
0,13,776.0
0,14,20.0
0,15,788.0
0,16,1120.0
0,17,1091.0
0,18,1067.0
0,19,1039.0
0,20,1498.0
0,21,1041.0
0,22,73.0
0,23,0.0
0,24,1486.0
1,1,104.0
1,2,43.0
1,3,37.0
1,4,10.0
1,5,529.0
1,6,143.0
1,7,73.0
1,8,1060.0
1,9,763.0
1,10,547.0
1,11,25.0
1,12,0.0
1,13,1042.0
1,14,131.0
1,15,1121.0
1,16,317.0
1,17,957.0
1,18,1064.0
1,19,1032.0
1,20,242.0
1,21,0.0
1,22,25.0
1,23,16.0
1,24,9.0
2,1,25.0
2,2,0.0
2,3,588.0
2,4,0.0
2,5,25.0
2,6,0.0
2,7,148.0
2,8,1052.0
2,9,1756.0
2,10,2183.0
2,11,3414.0
2,12,1698.0
2,13,1111.0
2,14,1124.0
2,15,1170.0
2,16,2917.0
2,17,1191.0
2,18,1951.0
2,19,20.0
2,20,27.0
2,21,599.0
2,22,1187.0
2,23,1452.0
2,24,1663.0
3,1,1098.0
3,2,868.0
3,3,26.0
3,4,0.0
3,5,26.0
3,6,0.0
3,7,232.0
3,8,1044.0
3,9,1071.0
3,10,1056.0
3,11,584.0
3,12,6.0
3,13,20.0
3,14,14.0
3,15,12.0
3,16,286.0
3,17,1078.0
3,18,1058.0
3,19,1022.0
3,20,901.0
3,21,1052.0
3,22,1071.0
3,23,1064.0
3,24,238.0
4,1,0.0
4,2,26.0
4,3,4.0
4,4,21.0
4,5,15.0
4,6,11.0
4,7,49.0
4,8,904.0
4,9,1577.0
4,10,1580.0
4,11,884.0
4,12,0.0
4,13,25.0
4,14,0.0
4,15,25.0
4,16,8.0
4,17,408.0
4,18,930.0
4,19,5.0
4,20,25.0
4,21,0.0
4,22,837.0
4,23,1238.0
4,24,1033.0
5,1,0.0
5,2,25.0
5,3,2.0
5,4,24.0
5,5,13.0
5,6,12.0
5,7,24.0
5,8,542.0
5,9,75.0
5,10,1115.0
5,11,1093.0
5,12,1165.0
5,13,1094.0
5,14,3431.0
5,15,2254.0
5,16,1639.0
5,17,1057.0
5,18,1062.0
5,19,1540.0
5,20,2286.0
5,21,1409.0
5,22,1081.0
5,23,38.0
5,24,5.0
6,1,26.0
6,2,364.0
6,3,412.0
6,4,25.0
6,5,0.0
6,6,26.0
6,7,0.0
6,8,25.0
6,9,406.0
6,10,712.0
6,11,1033.0
6,12,2301.0
6,13,2121.0
6,14,2113.0
6,15,1430.0
6,16,1229.0
6,17,24.0
6,18,1809.0
6,19,1859.0
6,20,3130.0
6,21,3710.0
6,22,3904.0
6,23,828.0
6,24,25.0
0,1,26.0
0,2,0.0
0,3,25.0
0,4,0.0
0,5,26.0
0,6,0.0
0,7,718.0
0,8,54.0
0,9,1076.0
0,10,1582.0
0,11,1602.0
0,12,1060.0
0,13,1084.0
0,14,631.0
0,15,1115.0
0,16,1120.0
0,17,923.0
0,18,23.0
0,19,14.0
0,20,1047.0
0,21,2531.0
0,22,666.0
0,23,58.0
0,24,17.0
1,1,1331.0
1,2,38.0
1,3,37.0
1,4,14.0
1,5,34.0
1,6,26.0
1,7,22.0
1,8,450.0
1,9,1084.0
1,10,1039.0
1,11,1.0
1,12,24.0
1,13,0.0
1,14,23.0
1,15,1.0
1,16,20.0
1,17,5.0
1,18,558.0
1,19,11.0
1,20,5.0
1,21,519.0
1,22,858.0
1,23,25.0
1,24,0.0
2,1,428.0
2,2,178.0
2,3,24.0
2,4,0.0
2,5,24.0
2,6,0.0
2,7,25.0
2,8,784.0
2,9,1390.0
2,10,2798.0
2,11,2357.0
2,12,946.0
2,13,2236.0
2,14,1465.0
2,15,1270.0
2,16,1634.0
2,17,916.0
2,18,0.0
2,19,24.0
2,20,0.0
2,21,744.0
2,22,0.0
2,23,24.0
2,24,421.0
3,1,306.0
3,2,0.0
3,3,24.0
3,4,0.0
3,5,24.0
3,6,0.0
3,7,143.0
3,8,1057.0
3,9,1066.0
3,10,328.0
3,11,0.0
3,12,24.0
3,13,0.0
3,14,24.0
3,15,752.0
3,16,1122.0
3,17,1127.0
3,18,1187.0
3,19,1466.0
3,20,1608.0
3,21,1089.0
3,22,643.0
3,23,24.0
3,24,645.0
4,1,24.0
4,2,0.0
4,3,9.0
4,4,14.0
4,5,0.0
4,6,24.0
4,7,508.0
4,8,957.0
4,9,0.0
4,10,11.0
4,11,82.0
4,12,1048.0
4,13,1090.0
4,14,1086.0
4,15,1132.0
4,16,399.0
4,17,18.0
4,18,6.0
4,19,0.0
4,20,24.0
4,21,81.0
4,22,1041.0
4,23,970.0
4,24,1138.0
5,1,36.0
5,2,20.0
5,3,3.0
5,4,1.0
5,5,22.0
5,6,0.0
5,7,265.0
5,8,390.0
5,9,379.0
5,10,1452.0
5,11,1074.0
5,12,1038.0
5,13,1062.0
5,14,1090.0
5,15,2595.0
5,16,1794.0
5,17,1687.0
5,18,1065.0
5,19,761.0
5,20,440.0
5,21,917.0
5,22,406.0
5,23,25.0
5,24,918.0
6,1,1785.0
6,2,38.0
6,3,35.0
6,4,17.0
6,5,28.0
6,6,20.0
6,7,26.0
6,8,14.0
6,9,515.0
6,10,453.0
6,11,22.0
6,12,913.0
6,13,3262.0
6,14,2580.0
6,15,1355.0
6,16,1233.0
6,17,1078.0
6,18,1038.0
6,19,1027.0
6,20,1052.0
6,21,1479.0
6,22,1514.0
6,23,0.0
6,24,24.0
0,1,0.0
0,2,24.0
0,3,0.0
0,4,25.0
0,5,0.0
0,6,772.0
0,7,0.0
0,8,227.0
0,9,1044.0
0,10,1057.0
0,11,1036.0
0,12,1069.0
0,13,1049.0
0,14,1070.0
0,15,1068.0
0,16,1121.0
0,17,1099.0
0,18,1072.0
0,19,1017.0
0,20,1036.0
0,21,1546.0
0,22,455.0
0,23,199.0
0,24,685.0
1,1,85.0
1,2,24.0
1,3,0.0
1,4,25.0
1,5,0.0
1,6,24.0
1,7,550.0
1,8,1064.0
1,9,1046.0
1,10,448.0
1,11,7.0
1,12,14.0
1,13,11.0
1,14,10.0
1,15,15.0
1,16,503.0
1,17,1123.0
1,18,1066.0
1,19,1170.0
1,20,1139.0
1,21,780.0
1,22,463.0
1,23,1069.0
1,24,60.0
2,1,14.0
2,2,15.0
2,3,297.0
2,4,262.0
2,5,10.0
2,6,15.0
2,7,10.0
2,8,515.0
2,9,1039.0
2,10,1031.0
2,11,1077.0
2,12,1848.0
2,13,2975.0
2,14,1083.0
2,15,1112.0
2,16,3058.0
2,17,1857.0
2,18,1121.0
2,19,1059.0
2,20,1034.0
2,21,359.0
2,22,551.0
2,23,637.0
2,24,23.0
3,1,0.0
3,2,37.0
3,3,0.0
3,4,19.0
3,5,18.0
3,6,401.0
3,7,962.0
3,8,1047.0
3,9,1600.0
3,10,1537.0
3,11,1178.0
3,12,1089.0
3,13,314.0
3,14,20.0
3,15,17.0
3,16,0.0
3,17,38.0
3,18,0.0
3,19,1068.0
3,20,1026.0
3,21,1075.0
3,22,1050.0
3,23,1107.0
3,24,1098.0
4,1,467.0
4,2,40.0
4,3,0.0
4,4,39.0
4,5,0.0
4,6,1.0
4,7,429.0
4,8,1046.0
4,9,1094.0
4,10,1042.0
4,11,988.0
4,12,1031.0
4,13,9.0
4,14,1074.0
4,15,531.0
4,16,0.0
4,17,39.0
4,18,0.0
4,19,1038.0
4,20,1049.0
4,21,91.0
4,22,38.0
4,23,583.0
4,24,1065.0
5,1,1083.0
5,2,1015.0
5,3,1068.0
5,4,0.0
5,5,0.0
5,6,37.0
5,7,0.0
5,8,21.0
5,9,16.0
5,10,388.0
5,11,1096.0
5,12,1222.0
5,13,1056.0
5,14,803.0
5,15,2943.0
5,16,1781.0
5,17,1641.0
5,18,1160.0
5,19,2420.0
5,20,3389.0
5,21,1587.0
5,22,1617.0
5,23,1735.0
5,24,1075.0
6,1,1865.0
6,2,1749.0
6,3,417.0
6,4,24.0
6,5,0.0
6,6,38.0
6,7,0.0
6,8,12.0
6,9,26.0
6,10,412.0
6,11,1610.0
6,12,818.0
6,13,1723.0
6,14,1418.0
6,15,1082.0
6,16,2021.0
6,17,2630.0
6,18,1513.0
6,19,1308.0
6,20,1144.0
6,21,1061.0
6,22,320.0
6,23,39.0
6,24,1230.0
0,1,79.0
0,2,10.0
0,3,19.0
0,4,42.0
0,5,10.0
0,6,826.0
0,7,9.0
0,8,406.0
0,9,1978.0
0,10,1045.0
0,11,1040.0
0,12,3.0
0,13,0.0
0,14,38.0
0,15,646.0
0,16,1106.0
0,17,235.0
0,18,0.0
0,19,40.0
0,20,450.0
0,21,1966.0
0,22,1280.0
0,23,38.0
0,24,43.0
1,1,121.0
1,2,484.0
1,3,51.0
1,4,9.0
1,5,9.0
1,6,35.0
1,7,0.0
1,8,297.0
1,9,1424.0
1,10,612.0
1,11,59.0
1,12,0.0
1,13,4.0
1,14,37.0
1,15,404.0
1,16,897.0
1,17,18.0
1,18,0.0
1,19,36.0
1,20,4.0
1,21,73.0
1,22,1089.0
1,23,436.0
1,24,8.0
2,1,32.0
2,2,0.0
2,3,32.0
2,4,10.0
2,5,0.0
2,6,75.0
2,7,1085.0
2,8,1070.0
2,9,1663.0
2,10,1623.0
2,11,1048.0
2,12,1563.0
2,13,1095.0
2,14,1104.0
2,15,1101.0
2,16,2076.0
2,17,1471.0
2,18,537.0
2,19,30.0
2,20,44.0
2,21,39.0
2,22,1052.0
2,23,1480.0
2,24,568.0
3,1,29.0
3,2,12.0
3,3,0.0
3,4,42.0
3,5,6.0
3,6,298.0
3,7,377.0
3,8,741.0
3,9,1062.0
3,10,1103.0
3,11,1065.0
3,12,1061.0
3,13,1102.0
3,14,139.0
3,15,0.0
3,16,47.0
3,17,0.0
3,18,1045.0
3,19,540.0
3,20,1089.0
3,21,927.0
3,22,821.0
3,23,778.0
3,24,465.0
4,1,15.0
4,2,0.0
4,3,43.0
4,4,2.0
4,5,0.0
4,6,39.0
4,7,410.0
4,8,1059.0
4,9,1086.0
4,10,1043.0
4,11,1054.0
4,12,1088.0
4,13,689.0
4,14,585.0
4,15,1113.0
4,16,390.0
4,17,40.0
4,18,0.0
4,19,0.0
4,20,39.0
4,21,701.0
4,22,532.0
4,23,2789.0
4,24,98.0
5,1,46.0
5,2,10.0
5,3,61.0
5,4,10.0
5,5,14.0
5,6,57.0
5,7,566.0
5,8,82.0
5,9,552.0
5,10,531.0
5,11,1173.0
5,12,1831.0
5,13,2171.0
5,14,1405.0
5,15,1700.0
5,16,1113.0
5,17,1084.0
5,18,1052.0
5,19,1071.0
5,20,2197.0
5,21,2232.0
5,22,1083.0
5,23,1779.0
5,24,487.0
6,1,31.0
6,2,0.0
6,3,25.0
6,4,15.0
6,5,166.0
6,6,595.0
6,7,3.0
6,8,0.0
6,9,43.0
6,10,639.0
6,11,465.0
6,12,1342.0
6,13,2333.0
6,14,2241.0
6,15,3004.0
6,16,2418.0
6,17,90.0
6,18,546.0
6,19,1022.0
6,20,1048.0
6,21,1041.0
6,22,1078.0
6,23,1091.0
6,24,1073.0
0,1,1112.0
0,2,157.0
0,3,0.0
0,4,46.0
0,5,0.0
0,6,0.0
0,7,753.0
0,8,1063.0
0,9,1617.0
0,10,1679.0
0,11,1035.0
0,12,1075.0
0,13,587.0
0,14,0.0
0,15,879.0
0,16,1074.0
0,17,379.0
0,18,41.0
0,19,0.0
0,20,19.0
0,21,1160.0
0,22,279.0
0,23,550.0
0,24,638.0
1,1,0.0
1,2,39.0
1,3,0.0
1,4,15.0
1,5,24.0
1,6,0.0
1,7,38.0
1,8,779.0
1,9,431.0
1,10,34.0
1,11,0.0
1,12,39.0
1,13,0.0
1,14,0.0
1,15,38.0
1,16,0.0
1,17,850.0
1,18,1062.0
1,19,1030.0
1,20,1021.0
1,21,216.0
1,22,2385.0
1,23,116.0
1,24,967.0
2,1,62.0
2,2,11.0
2,3,10.0
2,4,58.0
2,5,10.0
2,6,19.0
2,7,650.0
2,8,1063.0
2,9,1632.0
2,10,1618.0
2,11,1053.0
2,12,1248.0
2,13,2247.0
2,14,1180.0
2,15,1131.0
2,16,2955.0
2,17,1158.0
2,18,22.0
2,19,7.0
2,20,69.0
2,21,411.0
2,22,1451.0
2,23,576.0
2,24,26.0
3,1,0.0
3,2,0.0
3,3,64.0
3,4,0.0
3,5,0.0
3,6,749.0
3,7,643.0
3,8,1050.0
3,9,1052.0
3,10,1120.0
3,11,1055.0
3,12,1062.0
3,13,1105.0
3,14,762.0
3,15,0.0
3,16,0.0
3,17,62.0
3,18,0.0
3,19,770.0
3,20,2120.0
3,21,1464.0
3,22,1070.0
3,23,1083.0
3,24,1160.0
4,1,1075.0
4,2,349.0
4,3,38.0
4,4,28.0
4,5,0.0
4,6,42.0
4,7,1722.0
4,8,632.0
4,9,0.0
4,10,21.0
4,11,42.0
4,12,676.0
4,13,9.0
4,14,50.0
4,15,14.0
4,16,0.0
4,17,10.0
4,18,56.0
4,19,188.0
4,20,1061.0
4,21,1487.0
4,22,1058.0
4,23,1058.0
4,24,1080.0
5,1,1125.0
5,2,837.0
5,3,0.0
5,4,44.0
5,5,23.0
5,6,0.0
5,7,0.0
5,8,67.0
5,9,1888.0
5,10,1737.0
5,11,540.0
5,12,9.0
5,13,10.0
5,14,1365.0
5,15,766.0
5,16,691.0
5,17,102.0
5,18,50.0
5,19,101.0
5,20,1020.0
5,21,63.0
5,22,665.0
5,23,0.0
5,24,45.0
6,1,1430.0
6,2,1529.0
6,3,10.0
6,4,56.0
6,5,0.0
6,6,0.0
6,7,599.0
6,8,25.0
6,9,493.0
6,10,1063.0
6,11,1764.0
6,12,1722.0
6,13,3230.0
6,14,2525.0
6,15,2953.0
6,16,1156.0
6,17,1587.0
6,18,1342.0
6,19,1417.0
6,20,1894.0
6,21,1520.0
6,22,785.0
6,23,70.0
6,24,69.0
0,1,68.0
0,2,536.0
0,3,0.0
0,4,38.0
0,5,48.0
0,6,0.0
0,7,642.0
0,8,1112.0
0,9,1041.0
0,10,1036.0
0,11,1073.0
0,12,1070.0
0,13,1049.0
0,14,682.0
0,15,64.0
0,16,0.0
0,17,0.0
0,18,140.0
0,19,1653.0
0,20,1998.0
0,21,2178.0
0,22,1983.0
0,23,1178.0
0,24,30.0
1,1,61.0
1,2,10.0
1,3,10.0
1,4,449.0
1,5,329.0
1,6,0.0
1,7,137.0
1,8,1055.0
1,9,1037.0
1,10,1028.0
1,11,1095.0
1,12,1066.0
1,13,1073.0
1,14,1609.0
1,15,1230.0
1,16,0.0
1,17,41.0
1,18,0.0
1,19,116.0
1,20,528.0
1,21,2685.0
1,22,1262.0
1,23,647.0
1,24,1494.0
2,1,37.0
2,2,30.0
2,3,674.0
2,4,10.0
2,5,49.0
2,6,10.0
2,7,130.0
2,8,1051.0
2,9,1057.0
2,10,1066.0
2,11,1049.0
2,12,326.0
2,13,0.0
2,14,36.0
2,15,5.0
2,16,1090.0
2,17,1101.0
2,18,1428.0
2,19,1311.0
2,20,656.0
2,21,2057.0
2,22,1196.0
2,23,1470.0
2,24,1568.0
3,1,218.0
3,2,35.0
3,3,0.0
3,4,36.0
3,5,0.0
3,6,15.0
3,7,696.0
3,8,1028.0
3,9,1081.0
3,10,1051.0
3,11,1073.0
3,12,1059.0
3,13,1028.0
3,14,36.0
3,15,0.0
3,16,36.0
3,17,0.0
3,18,12.0
3,19,219.0
3,20,1391.0
3,21,1108.0
3,22,3632.0
3,23,1632.0
3,24,2403.0
4,1,750.0
4,2,10.0
4,3,50.0
4,4,10.0
4,5,46.0
4,6,13.0
4,7,19.0
4,8,574.0
4,9,1039.0
4,10,1094.0
4,11,1005.0
4,12,740.0
4,13,1071.0
4,14,1073.0
4,15,1092.0
4,16,1081.0
4,17,1104.0
4,18,410.0
4,19,31.0
4,20,5.0
4,21,3.0
4,22,33.0
4,23,0.0
4,24,36.0
5,1,0.0
5,2,26.0
5,3,10.0
5,4,871.0
5,5,109.0
5,6,0.0
5,7,37.0
5,8,120.0
5,9,1078.0
5,10,872.0
5,11,0.0
5,12,36.0
5,13,0.0
5,14,37.0
5,15,0.0
5,16,13.0
5,17,23.0
5,18,453.0
5,19,168.0
5,20,0.0
5,21,29.0
5,22,7.0
5,23,0.0
5,24,36.0
6,1,0.0
6,2,36.0
6,3,0.0
6,4,473.0
6,5,325.0
6,6,0.0
6,7,36.0
6,8,0.0
6,9,10.0
6,10,25.0
6,11,0.0
6,12,36.0
6,13,0.0
6,14,11.0
6,15,922.0
6,16,0.0
6,17,35.0
6,18,0.0
6,19,11.0
6,20,24.0
6,21,0.0
6,22,35.0
6,23,0.0
6,24,10.0
0,1,262.0
0,2,691.0
0,3,35.0
0,4,0.0
0,5,8.0
0,6,26.0
0,7,0.0
0,8,34.0
0,9,0.0
0,10,5.0
0,11,29.0
0,12,508.0
0,13,481.0
0,14,0.0
0,15,2.0
0,16,32.0
0,17,0.0
0,18,34.0
0,19,0.0
0,20,0.0
0,21,34.0
0,22,0.0
0,23,635.0
0,24,345.0
1,1,0.0
1,2,34.0
1,3,0.0
1,4,34.0
1,5,0.0
1,6,0.0
1,7,33.0
1,8,0.0
1,9,29.0
1,10,858.0
1,11,101.0
1,12,34.0
1,13,0.0
1,14,20.0
1,15,14.0
1,16,0.0
1,17,35.0
1,18,0.0
1,19,12.0
1,20,52.0
1,21,940.0
1,22,35.0
1,23,0.0
1,24,7.0
2,1,27.0
2,2,0.0
2,3,35.0
2,4,0.0
2,5,3.0
2,6,32.0
2,7,76.0
2,8,944.0
2,9,0.0
2,10,0.0
2,11,35.0
2,12,0.0
2,13,35.0
2,14,0.0
2,15,0.0
2,16,35.0
2,17,0.0
2,18,33.0
2,19,989.0
2,20,0.0
2,21,34.0
2,22,0.0
2,23,31.0
