0,1,48.0,175.0,1122.0,1122.0,1094.0,1032.0,2.0
0,2,2.0,48.0,175.0,175.0,1122.0,1094.0,35.0
0,3,35.0,2.0,48.0,48.0,175.0,1122.0,0.0
0,4,0.0,35.0,2.0,2.0,48.0,175.0,34.0
0,5,34.0,0.0,35.0,35.0,2.0,48.0,757.0
0,6,757.0,34.0,0.0,0.0,35.0,2.0,28.0
0,7,28.0,757.0,34.0,34.0,0.0,35.0,5.0
0,8,5.0,28.0,757.0,757.0,34.0,0.0,710.0
0,9,710.0,5.0,28.0,28.0,757.0,34.0,1791.0
0,10,1791.0,710.0,5.0,5.0,28.0,757.0,1375.0
0,11,1375.0,1791.0,710.0,710.0,5.0,28.0,1050.0
0,12,1050.0,1375.0,1791.0,1791.0,710.0,5.0,1087.0
0,13,1087.0,1050.0,1375.0,1375.0,1791.0,710.0,1081.0
0,14,1081.0,1087.0,1050.0,1050.0,1375.0,1791.0,1074.0
0,15,1074.0,1081.0,1087.0,1087.0,1050.0,1375.0,1043.0
0,16,1043.0,1074.0,1081.0,1081.0,1087.0,1050.0,1110.0
0,17,1110.0,1043.0,1074.0,1074.0,1081.0,1087.0,1079.0
0,18,1079.0,1110.0,1043.0,1043.0,1074.0,1081.0,1067.0
0,19,1067.0,1079.0,1110.0,1110.0,1043.0,1074.0,1030.0
0,20,1030.0,1067.0,1079.0,1079.0,1110.0,1043.0,546.0
0,21,546.0,1030.0,1067.0,1067.0,1079.0,1110.0,825.0
0,22,825.0,546.0,1030.0,1030.0,1067.0,1079.0,223.0
0,23,223.0,825.0,546.0,546.0,1030.0,1067.0,531.0
0,24,531.0,223.0,825.0,825.0,546.0,1030.0,1219.0
1,1,1219.0,531.0,223.0,223.0,825.0,546.0,547.0
1,2,547.0,1219.0,531.0,531.0,223.0,825.0,59.0
1,3,59.0,547.0,1219.0,1219.0,531.0,223.0,38.0
1,4,38.0,59.0,547.0,547.0,1219.0,531.0,10.0
1,5,10.0,38.0,59.0,59.0,547.0,1219.0,43.0
1,6,43.0,10.0,38.0,38.0,59.0,547.0,10.0
1,7,10.0,43.0,10.0,10.0,38.0,59.0,41.0
1,8,41.0,10.0,43.0,43.0,10.0,38.0,444.0
1,9,444.0,41.0,10.0,10.0,43.0,10.0,3158.0
1,10,3158.0,444.0,41.0,41.0,10.0,43.0,1336.0
1,11,1336.0,3158.0,444.0,444.0,41.0,10.0,85.0
1,12,85.0,1336.0,3158.0,3158.0,444.0,41.0,2061.0
1,13,2061.0,85.0,1336.0,1336.0,3158.0,444.0,175.0
1,14,175.0,2061.0,85.0,85.0,1336.0,3158.0,37.0
1,15,37.0,175.0,2061.0,2061.0,85.0,1336.0,45.0
1,16,45.0,37.0,175.0,175.0,2061.0,85.0,143.0
1,17,143.0,45.0,37.0,37.0,175.0,2061.0,1125.0
1,18,1125.0,143.0,45.0,45.0,37.0,175.0,1056.0
1,19,1056.0,1125.0,143.0,143.0,45.0,37.0,1082.0
1,20,1082.0,1056.0,1125.0,1125.0,143.0,45.0,702.0
1,21,702.0,1082.0,1056.0,1056.0,1125.0,143.0,1614.0
1,22,1614.0,702.0,1082.0,1082.0,1056.0,1125.0,747.0
1,23,747.0,1614.0,702.0,702.0,1082.0,1056.0,70.0
1,24,70.0,747.0,1614.0,1614.0,702.0,1082.0,10.0
2,1,10.0,70.0,747.0,747.0,1614.0,702.0,43.0
2,2,43.0,10.0,70.0,70.0,747.0,1614.0,10.0
2,3,10.0,43.0,10.0,10.0,70.0,747.0,518.0
2,4,518.0,10.0,43.0,43.0,10.0,70.0,52.0
2,5,52.0,518.0,10.0,10.0,43.0,10.0,28.0
2,6,28.0,52.0,518.0,518.0,10.0,43.0,12.0
2,7,12.0,28.0,52.0,52.0,518.0,10.0,0.0
2,8,0.0,12.0,28.0,28.0,52.0,518.0,311.0
2,9,311.0,0.0,12.0,12.0,28.0,52.0,1634.0
2,10,1634.0,311.0,0.0,0.0,12.0,28.0,1118.0
2,11,1118.0,1634.0,311.0,311.0,0.0,12.0,1257.0
2,12,1257.0,1118.0,1634.0,1634.0,311.0,0.0,2572.0
2,13,2572.0,1257.0,1118.0,1118.0,1634.0,311.0,1086.0
2,14,1086.0,2572.0,1257.0,1257.0,1118.0,1634.0,1108.0
2,15,1108.0,1086.0,2572.0,2572.0,1257.0,1118.0,998.0
2,16,998.0,1108.0,1086.0,1086.0,2572.0,1257.0,12.0
2,17,12.0,998.0,1108.0,1108.0,1086.0,2572.0,19.0
2,18,19.0,12.0,998.0,998.0,1108.0,1086.0,0.0
2,19,0.0,19.0,12.0,12.0,998.0,1108.0,662.0
2,20,662.0,0.0,19.0,19.0,12.0,998.0,1031.0
2,21,1031.0,662.0,0.0,0.0,19.0,12.0,1058.0
2,22,1058.0,1031.0,662.0,662.0,0.0,19.0,1024.0
2,23,1024.0,1058.0,1031.0,1031.0,662.0,0.0,1071.0
2,24,1071.0,1024.0,1058.0,1058.0,1031.0,662.0,1087.0
3,1,1087.0,1071.0,1024.0,1024.0,1058.0,1031.0,1088.0
3,2,1088.0,1087.0,1071.0,1071.0,1024.0,1058.0,1122.0
3,3,1122.0,1088.0,1087.0,1087.0,1071.0,1024.0,1032.0
3,4,1032.0,1122.0,1088.0,1088.0,1087.0,1071.0,30.0
3,5,30.0,1032.0,1122.0,1122.0,1088.0,1087.0,0.0
3,6,0.0,30.0,1032.0,1032.0,1122.0,1088.0,23.0
3,7,23.0,0.0,30.0,30.0,1032.0,1122.0,8.0
3,8,8.0,23.0,0.0,0.0,30.0,1032.0,0.0
3,9,0.0,8.0,23.0,23.0,0.0,30.0,335.0
3,10,335.0,0.0,8.0,8.0,23.0,0.0,2274.0
3,11,2274.0,335.0,0.0,0.0,8.0,23.0,1490.0
3,12,1490.0,2274.0,335.0,335.0,0.0,8.0,0.0
3,13,0.0,1490.0,2274.0,2274.0,335.0,0.0,460.0
3,14,460.0,0.0,1490.0,1490.0,2274.0,335.0,1425.0
3,15,1425.0,460.0,0.0,0.0,1490.0,2274.0,572.0
3,16,572.0,1425.0,460.0,460.0,0.0,1490.0,10.0
3,17,10.0,572.0,1425.0,1425.0,460.0,0.0,1080.0
3,18,1080.0,10.0,572.0,572.0,1425.0,460.0,729.0
3,19,729.0,1080.0,10.0,10.0,572.0,1425.0,1048.0
3,20,1048.0,729.0,1080.0,1080.0,10.0,572.0,993.0
3,21,993.0,1048.0,729.0,729.0,1080.0,10.0,542.0
3,22,542.0,993.0,1048.0,1048.0,729.0,1080.0,517.0
3,23,517.0,542.0,993.0,993.0,1048.0,729.0,12.0
3,24,12.0,517.0,542.0,542.0,993.0,1048.0,19.0
4,1,19.0,12.0,517.0,517.0,542.0,993.0,0.0
4,2,0.0,19.0,12.0,12.0,517.0,542.0,31.0
4,3,31.0,0.0,19.0,19.0,12.0,517.0,0.0
4,4,0.0,31.0,0.0,0.0,19.0,12.0,31.0
4,5,31.0,0.0,31.0,31.0,0.0,19.0,0.0
4,6,0.0,31.0,0.0,0.0,31.0,0.0,557.0
4,7,557.0,0.0,31.0,31.0,0.0,31.0,8.0
4,8,8.0,557.0,0.0,0.0,31.0,0.0,224.0
4,9,224.0,8.0,557.0,557.0,0.0,31.0,1761.0
4,10,1761.0,224.0,8.0,8.0,557.0,0.0,1656.0
4,11,1656.0,1761.0,224.0,224.0,8.0,557.0,1085.0
4,12,1085.0,1656.0,1761.0,1761.0,224.0,8.0,987.0
4,13,987.0,1085.0,1656.0,1656.0,1761.0,224.0,672.0
4,14,672.0,987.0,1085.0,1085.0,1656.0,1761.0,0.0
4,15,0.0,672.0,987.0,987.0,1085.0,1656.0,396.0
4,16,396.0,0.0,672.0,672.0,987.0,1085.0,1075.0
4,17,1075.0,396.0,0.0,0.0,672.0,987.0,1106.0
4,18,1106.0,1075.0,396.0,396.0,0.0,672.0,631.0
4,19,631.0,1106.0,1075.0,1075.0,396.0,0.0,265.0
4,20,265.0,631.0,1106.0,1106.0,1075.0,396.0,1036.0
4,21,1036.0,265.0,631.0,631.0,1106.0,1075.0,1524.0
4,22,1524.0,1036.0,265.0,265.0,631.0,1106.0,1556.0
4,23,1556.0,1524.0,1036.0,1036.0,265.0,631.0,23.0
4,24,23.0,1556.0,1524.0,1524.0,1036.0,265.0,8.0
5,1,8.0,23.0,1556.0,1556.0,1524.0,1036.0,2.0
5,2,2.0,8.0,23.0,23.0,1556.0,1524.0,29.0
5,3,29.0,2.0,8.0,8.0,23.0,1556.0,0.0
5,4,0.0,29.0,2.0,2.0,8.0,23.0,31.0
5,5,31.0,0.0,29.0,29.0,2.0,8.0,124.0
5,6,124.0,31.0,0.0,0.0,29.0,2.0,452.0
5,7,452.0,124.0,31.0,31.0,0.0,29.0,3.0
5,8,3.0,452.0,124.0,124.0,31.0,0.0,651.0
5,9,651.0,3.0,452.0,452.0,124.0,31.0,1081.0
5,10,1081.0,651.0,3.0,3.0,452.0,124.0,1066.0
5,11,1066.0,1081.0,651.0,651.0,3.0,452.0,547.0
5,12,547.0,1066.0,1081.0,1081.0,651.0,3.0,649.0
5,13,649.0,547.0,1066.0,1066.0,1081.0,651.0,584.0
5,14,584.0,649.0,547.0,547.0,1066.0,1081.0,1078.0
5,15,1078.0,584.0,649.0,649.0,547.0,1066.0,1063.0
5,16,1063.0,1078.0,584.0,584.0,649.0,547.0,1101.0
5,17,1101.0,1063.0,1078.0,1078.0,584.0,649.0,1204.0
5,18,1204.0,1101.0,1063.0,1063.0,1078.0,584.0,2016.0
5,19,2016.0,1204.0,1101.0,1101.0,1063.0,1078.0,1042.0
5,20,1042.0,2016.0,1204.0,1204.0,1101.0,1063.0,1084.0
5,21,1084.0,1042.0,2016.0,2016.0,1204.0,1101.0,1066.0
5,22,1066.0,1084.0,1042.0,1042.0,2016.0,1204.0,353.0
5,23,353.0,1066.0,1084.0,1084.0,1042.0,2016.0,896.0
5,24,896.0,353.0,1066.0,1066.0,1084.0,1042.0,1698.0
6,1,1698.0,896.0,353.0,353.0,1066.0,1084.0,1082.0
6,2,1082.0,1698.0,896.0,896.0,353.0,1066.0,1477.0
6,3,1477.0,1082.0,1698.0,1698.0,896.0,353.0,703.0
6,4,703.0,1477.0,1082.0,1082.0,1698.0,896.0,9.0
6,5,9.0,703.0,1477.0,1477.0,1082.0,1698.0,3.0
6,6,3.0,9.0,703.0,703.0,1477.0,1082.0,28.0
6,7,28.0,3.0,9.0,9.0,703.0,1477.0,0.0
6,8,0.0,28.0,3.0,3.0,9.0,703.0,31.0
6,9,31.0,0.0,28.0,28.0,3.0,9.0,0.0
6,10,0.0,31.0,0.0,0.0,28.0,3.0,886.0
6,11,886.0,0.0,31.0,31.0,0.0,28.0,1550.0
6,12,1550.0,886.0,0.0,0.0,31.0,0.0,1132.0
6,13,1132.0,1550.0,886.0,886.0,0.0,31.0,504.0
6,14,504.0,1132.0,1550.0,1550.0,886.0,0.0,2174.0
6,15,2174.0,504.0,1132.0,1132.0,1550.0,886.0,695.0
6,16,695.0,2174.0,504.0,504.0,1132.0,1550.0,2230.0
6,17,2230.0,695.0,2174.0,2174.0,504.0,1132.0,1043.0
6,18,1043.0,2230.0,695.0,695.0,2174.0,504.0,31.0
6,19,31.0,1043.0,2230.0,2230.0,695.0,2174.0,36.0
6,20,36.0,31.0,1043.0,1043.0,2230.0,695.0,0.0
6,21,0.0,36.0,31.0,31.0,1043.0,2230.0,0.0
6,22,0.0,0.0,36.0,36.0,31.0,1043.0,35.0
6,23,35.0,0.0,0.0,0.0,36.0,31.0,0.0
6,24,0.0,35.0,0.0,0.0,0.0,36.0,27.0
0,1,27.0,0.0,35.0,35.0,0.0,0.0,186.0
0,2,186.0,27.0,0.0,0.0,35.0,0.0,693.0
0,3,693.0,186.0,27.0,27.0,0.0,35.0,36.0
0,4,36.0,693.0,186.0,186.0,27.0,0.0,0.0
0,5,0.0,36.0,693.0,693.0,186.0,27.0,0.0
0,6,0.0,0.0,36.0,36.0,693.0,186.0,37.0
0,7,37.0,0.0,0.0,0.0,36.0,693.0,0.0
0,8,0.0,37.0,0.0,0.0,0.0,36.0,29.0
0,9,29.0,0.0,37.0,37.0,0.0,0.0,663.0
0,10,663.0,29.0,0.0,0.0,37.0,0.0,0.0
0,11,0.0,663.0,29.0,29.0,0.0,37.0,35.0
0,12,35.0,0.0,663.0,663.0,29.0,0.0,1285.0
0,13,1285.0,35.0,0.0,0.0,663.0,29.0,1631.0
0,14,1631.0,1285.0,35.0,35.0,0.0,663.0,1156.0
0,15,1156.0,1631.0,1285.0,1285.0,35.0,0.0,646.0
0,16,646.0,1156.0,1631.0,1631.0,1285.0,35.0,956.0
0,17,956.0,646.0,1156.0,1156.0,1631.0,1285.0,1659.0
0,18,1659.0,956.0,646.0,646.0,1156.0,1631.0,490.0
0,19,490.0,1659.0,956.0,956.0,646.0,1156.0,663.0
0,20,663.0,490.0,1659.0,1659.0,956.0,646.0,305.0
0,21,305.0,663.0,490.0,490.0,1659.0,956.0,374.0
0,22,374.0,305.0,663.0,663.0,490.0,1659.0,2479.0
0,23,2479.0,374.0,305.0,305.0,663.0,490.0,980.0
0,24,980.0,2479.0,374.0,374.0,305.0,663.0,74.0
1,1,74.0,980.0,2479.0,2479.0,374.0,305.0,11.0
1,2,11.0,74.0,980.0,980.0,2479.0,374.0,46.0
1,3,46.0,11.0,74.0,74.0,980.0,2479.0,11.0
1,4,11.0,46.0,11.0,11.0,74.0,980.0,10.0
1,5,10.0,11.0,46.0,46.0,11.0,74.0,577.0
1,6,577.0,10.0,11.0,11.0,46.0,11.0,2.0
1,7,2.0,577.0,10.0,10.0,11.0,46.0,15.0
1,8,15.0,2.0,577.0,577.0,10.0,11.0,164.0
1,9,164.0,15.0,2.0,2.0,577.0,10.0,753.0
1,10,753.0,164.0,15.0,15.0,2.0,577.0,1453.0
1,11,1453.0,753.0,164.0,164.0,15.0,2.0,1036.0
1,12,1036.0,1453.0,753.0,753.0,164.0,15.0,1052.0
1,13,1052.0,1036.0,1453.0,1453.0,753.0,164.0,1088.0
1,14,1088.0,1052.0,1036.0,1036.0,1453.0,753.0,1055.0
1,15,1055.0,1088.0,1052.0,1052.0,1036.0,1453.0,2651.0
1,16,2651.0,1055.0,1088.0,1088.0,1052.0,1036.0,1142.0
1,17,1142.0,2651.0,1055.0,1055.0,1088.0,1052.0,1094.0
1,18,1094.0,1142.0,2651.0,2651.0,1055.0,1088.0,1086.0
1,19,1086.0,1094.0,1142.0,1142.0,2651.0,1055.0,1063.0
1,20,1063.0,1086.0,1094.0,1094.0,1142.0,2651.0,1076.0
1,21,1076.0,1063.0,1086.0,1086.0,1094.0,1142.0,1611.0
1,22,1611.0,1076.0,1063.0,1063.0,1086.0,1094.0,1566.0
1,23,1566.0,1611.0,1076.0,1076.0,1063.0,1086.0,36.0
1,24,36.0,1566.0,1611.0,1611.0,1076.0,1063.0,0.0
2,1,0.0,36.0,1566.0,1566.0,1611.0,1076.0,0.0
2,2,0.0,0.0,36.0,36.0,1566.0,1611.0,35.0
2,3,35.0,0.0,0.0,0.0,36.0,1566.0,0.0
2,4,0.0,35.0,0.0,0.0,0.0,36.0,10.0
2,5,10.0,0.0,35.0,35.0,0.0,0.0,26.0
2,6,26.0,10.0,0.0,0.0,35.0,0.0,594.0
2,7,594.0,26.0,10.0,10.0,0.0,35.0,28.0
2,8,28.0,594.0,26.0,26.0,10.0,0.0,290.0
2,9,290.0,28.0,594.0,594.0,26.0,10.0,1064.0
2,10,1064.0,290.0,28.0,28.0,594.0,26.0,1097.0
2,11,1097.0,1064.0,290.0,290.0,28.0,594.0,1049.0
2,12,1049.0,1097.0,1064.0,1064.0,290.0,28.0,1059.0
2,13,1059.0,1049.0,1097.0,1097.0,1064.0,290.0,805.0
2,14,805.0,1059.0,1049.0,1049.0,1097.0,1064.0,0.0
2,15,0.0,805.0,1059.0,1059.0,1049.0,1097.0,2.0
2,16,2.0,0.0,805.0,805.0,1059.0,1049.0,33.0
2,17,33.0,2.0,0.0,0.0,805.0,1059.0,0.0
2,18,0.0,33.0,2.0,2.0,0.0,805.0,20.0
2,19,20.0,0.0,33.0,33.0,2.0,0.0,15.0
2,20,15.0,20.0,0.0,0.0,33.0,2.0,0.0
2,21,0.0,15.0,20.0,20.0,0.0,33.0,1088.0
2,22,1088.0,0.0,15.0,15.0,20.0,0.0,41.0
2,23,41.0,1088.0,0.0,0.0,15.0,20.0,0.0
2,24,0.0,41.0,1088.0,1088.0,0.0,15.0,34.0
3,1,34.0,0.0,41.0,41.0,1088.0,0.0,726.0
3,2,726.0,34.0,0.0,0.0,41.0,1088.0,4.0
3,3,4.0,726.0,34.0,34.0,0.0,41.0,31.0
3,4,31.0,4.0,726.0,726.0,34.0,0.0,0.0
3,5,0.0,31.0,4.0,4.0,726.0,34.0,21.0
3,6,21.0,0.0,31.0,31.0,4.0,726.0,14.0
3,7,14.0,21.0,0.0,0.0,31.0,4.0,0.0
3,8,0.0,14.0,21.0,21.0,0.0,31.0,156.0
3,9,156.0,0.0,14.0,14.0,21.0,0.0,1693.0
3,10,1693.0,156.0,0.0,0.0,14.0,21.0,1051.0
3,11,1051.0,1693.0,156.0,156.0,0.0,14.0,34.0
3,12,34.0,1051.0,1693.0,1693.0,156.0,0.0,0.0
3,13,0.0,34.0,1051.0,1051.0,1693.0,156.0,0.0
3,14,0.0,0.0,34.0,34.0,1051.0,1693.0,133.0
3,15,133.0,0.0,0.0,0.0,34.0,1051.0,1089.0
3,16,1089.0,133.0,0.0,0.0,0.0,34.0,1101.0
3,17,1101.0,1089.0,133.0,133.0,0.0,0.0,1116.0
3,18,1116.0,1101.0,1089.0,1089.0,133.0,0.0,1035.0
3,19,1035.0,1116.0,1101.0,1101.0,1089.0,133.0,1185.0
3,20,1185.0,1035.0,1116.0,1116.0,1101.0,1089.0,617.0
3,21,617.0,1185.0,1035.0,1035.0,1116.0,1101.0,210.0
3,22,210.0,617.0,1185.0,1185.0,1035.0,1116.0,3329.0
3,23,3329.0,210.0,617.0,617.0,1185.0,1035.0,1619.0
3,24,1619.0,3329.0,210.0,210.0,617.0,1185.0,638.0
4,1,638.0,1619.0,3329.0,3329.0,210.0,617.0,38.0
4,2,38.0,638.0,1619.0,1619.0,3329.0,210.0,565.0
4,3,565.0,38.0,638.0,638.0,1619.0,3329.0,34.0
4,4,34.0,565.0,38.0,38.0,638.0,1619.0,11.0
4,5,11.0,34.0,565.0,565.0,38.0,638.0,45.0
4,6,45.0,11.0,34.0,34.0,565.0,38.0,10.0
4,7,10.0,45.0,11.0,11.0,34.0,565.0,6.0
4,8,6.0,10.0,45.0,45.0,11.0,34.0,744.0
4,9,744.0,6.0,10.0,10.0,45.0,11.0,750.0
4,10,750.0,744.0,6.0,6.0,10.0,45.0,1076.0
4,11,1076.0,750.0,744.0,744.0,6.0,10.0,1088.0
4,12,1088.0,1076.0,750.0,750.0,744.0,6.0,1066.0
4,13,1066.0,1088.0,1076.0,1076.0,750.0,744.0,1091.0
4,14,1091.0,1066.0,1088.0,1088.0,1076.0,750.0,1070.0
4,15,1070.0,1091.0,1066.0,1066.0,1088.0,1076.0,1089.0
4,16,1089.0,1070.0,1091.0,1091.0,1066.0,1088.0,307.0
4,17,307.0,1089.0,1070.0,1070.0,1091.0,1066.0,0.0
4,18,0.0,307.0,1089.0,1089.0,1070.0,1091.0,11.0
4,19,11.0,0.0,307.0,307.0,1089.0,1070.0,504.0
4,20,504.0,11.0,0.0,0.0,307.0,1089.0,332.0
4,21,332.0,504.0,11.0,11.0,0.0,307.0,1840.0
4,22,1840.0,332.0,504.0,504.0,11.0,0.0,2539.0
4,23,2539.0,1840.0,332.0,332.0,504.0,11.0,2690.0
4,24,2690.0,2539.0,1840.0,1840.0,332.0,504.0,837.0
5,1,837.0,2690.0,2539.0,2539.0,1840.0,332.0,37.0
5,2,37.0,837.0,2690.0,2690.0,2539.0,1840.0,47.0
5,3,47.0,37.0,837.0,837.0,2690.0,2539.0,10.0
5,4,10.0,47.0,37.0,37.0,837.0,2690.0,30.0
5,5,30.0,10.0,47.0,47.0,37.0,837.0,28.0
5,6,28.0,30.0,10.0,10.0,47.0,37.0,10.0
5,7,10.0,28.0,30.0,30.0,10.0,47.0,627.0
5,8,627.0,10.0,28.0,28.0,30.0,10.0,0.0
5,9,0.0,627.0,10.0,10.0,28.0,30.0,17.0
5,10,17.0,0.0,627.0,627.0,10.0,28.0,1605.0
5,11,1605.0,17.0,0.0,0.0,627.0,10.0,3013.0
5,12,3013.0,1605.0,17.0,17.0,0.0,627.0,2854.0
5,13,2854.0,3013.0,1605.0,1605.0,17.0,0.0,2449.0
5,14,2449.0,2854.0,3013.0,3013.0,1605.0,17.0,1782.0
5,15,1782.0,2449.0,2854.0,2854.0,3013.0,1605.0,1109.0
5,16,1109.0,1782.0,2449.0,2449.0,2854.0,3013.0,1120.0
5,17,1120.0,1109.0,1782.0,1782.0,2449.0,2854.0,2531.0
5,18,2531.0,1120.0,1109.0,1109.0,1782.0,2449.0,1082.0
5,19,1082.0,2531.0,1120.0,1120.0,1109.0,1782.0,1335.0
5,20,1335.0,1082.0,2531.0,2531.0,1120.0,1109.0,1955.0
5,21,1955.0,1335.0,1082.0,1082.0,2531.0,1120.0,1201.0
5,22,1201.0,1955.0,1335.0,1335.0,1082.0,2531.0,585.0
5,23,585.0,1201.0,1955.0,1955.0,1335.0,1082.0,16.0
5,24,16.0,585.0,1201.0,1201.0,1955.0,1335.0,0.0
6,1,0.0,16.0,585.0,585.0,1201.0,1955.0,35.0
6,2,35.0,0.0,16.0,16.0,585.0,1201.0,0.0
6,3,0.0,35.0,0.0,0.0,16.0,585.0,35.0
6,4,35.0,0.0,35.0,35.0,0.0,16.0,0.0
6,5,0.0,35.0,0.0,0.0,35.0,0.0,516.0
6,6,516.0,0.0,35.0,35.0,0.0,35.0,330.0
6,7,330.0,516.0,0.0,0.0,35.0,0.0,0.0
6,8,0.0,330.0,516.0,516.0,0.0,35.0,251.0
6,9,251.0,0.0,330.0,330.0,516.0,0.0,579.0
6,10,579.0,251.0,0.0,0.0,330.0,516.0,13.0
6,11,13.0,579.0,251.0,251.0,0.0,330.0,498.0
6,12,498.0,13.0,579.0,579.0,251.0,0.0,1044.0
6,13,1044.0,498.0,13.0,13.0,579.0,251.0,1070.0
6,14,1070.0,1044.0,498.0,498.0,13.0,579.0,1029.0
6,15,1029.0,1070.0,1044.0,1044.0,498.0,13.0,609.0
6,16,609.0,1029.0,1070.0,1070.0,1044.0,498.0,9.0
6,17,9.0,609.0,1029.0,1029.0,1070.0,1044.0,0.0
6,18,0.0,9.0,609.0,609.0,1029.0,1070.0,36.0
6,19,36.0,0.0,9.0,9.0,609.0,1029.0,0.0
6,20,0.0,36.0,0.0,0.0,9.0,609.0,34.0
6,21,34.0,0.0,36.0,36.0,0.0,9.0,0.0
6,22,0.0,34.0,0.0,0.0,36.0,0.0,5.0
6,23,5.0,0.0,34.0,34.0,0.0,36.0,145.0
6,24,145.0,5.0,0.0,0.0,34.0,0.0,611.0
0,1,611.0,145.0,5.0,5.0,0.0,34.0,35.0
0,2,35.0,611.0,145.0,145.0,5.0,0.0,0.0
0,3,0.0,35.0,611.0,611.0,145.0,5.0,20.0
0,4,20.0,0.0,35.0,35.0,611.0,145.0,16.0
0,5,16.0,20.0,0.0,0.0,35.0,611.0,0.0
0,6,0.0,16.0,20.0,20.0,0.0,35.0,35.0
0,7,35.0,0.0,16.0,16.0,20.0,0.0,0.0
0,8,0.0,35.0,0.0,0.0,16.0,20.0,33.0
0,9,33.0,0.0,35.0,35.0,0.0,16.0,3.0
0,10,3.0,33.0,0.0,0.0,35.0,0.0,722.0
0,11,722.0,3.0,33.0,33.0,0.0,35.0,184.0
0,12,184.0,722.0,3.0,3.0,33.0,0.0,0.0
0,13,0.0,184.0,722.0,722.0,3.0,33.0,34.0
0,14,34.0,0.0,184.0,184.0,722.0,3.0,0.0
0,15,0.0,34.0,0.0,0.0,184.0,722.0,557.0
0,16,557.0,0.0,34.0,34.0,0.0,184.0,1070.0
0,17,1070.0,557.0,0.0,0.0,34.0,0.0,1053.0
0,18,1053.0,1070.0,557.0,557.0,0.0,34.0,1072.0
0,19,1072.0,1053.0,1070.0,1070.0,557.0,0.0,1044.0
0,20,1044.0,1072.0,1053.0,1053.0,1070.0,557.0,311.0
0,21,311.0,1044.0,1072.0,1072.0,1053.0,1070.0,7.0
0,22,7.0,311.0,1044.0,1044.0,1072.0,1053.0,0.0
0,23,0.0,7.0,311.0,311.0,1044.0,1072.0,36.0
0,24,36.0,0.0,7.0,7.0,311.0,1044.0,0.0
1,1,0.0,36.0,0.0,0.0,7.0,311.0,35.0
1,2,35.0,0.0,36.0,36.0,0.0,7.0,0.0
1,3,0.0,35.0,0.0,0.0,36.0,0.0,0.0
1,4,0.0,0.0,35.0,35.0,0.0,36.0,35.0
1,5,35.0,0.0,0.0,0.0,35.0,0.0,599.0
1,6,599.0,35.0,0.0,0.0,0.0,35.0,301.0
1,7,301.0,599.0,35.0,35.0,0.0,0.0,0.0
1,8,0.0,301.0,599.0,599.0,35.0,0.0,2.0
1,9,2.0,0.0,301.0,301.0,599.0,35.0,32.0
1,10,32.0,2.0,0.0,0.0,301.0,599.0,0.0
1,11,0.0,32.0,2.0,2.0,0.0,301.0,35.0
1,12,35.0,0.0,32.0,32.0,2.0,0.0,0.0
1,13,0.0,35.0,0.0,0.0,32.0,2.0,4.0
1,14,4.0,0.0,35.0,35.0,0.0,32.0,30.0
1,15,30.0,4.0,0.0,0.0,35.0,0.0,0.0
1,16,0.0,30.0,4.0,4.0,0.0,35.0,991.0
1,17,991.0,0.0,30.0,30.0,4.0,0.0,946.0
1,18,946.0,991.0,0.0,0.0,30.0,4.0,509.0
1,19,509.0,946.0,991.0,991.0,0.0,30.0,1068.0
1,20,1068.0,509.0,946.0,946.0,991.0,0.0,1053.0
1,21,1053.0,1068.0,509.0,509.0,946.0,991.0,1080.0
1,22,1080.0,1053.0,1068.0,1068.0,509.0,946.0,156.0
1,23,156.0,1080.0,1053.0,1053.0,1068.0,509.0,27.0
1,24,27.0,156.0,1080.0,1080.0,1053.0,1068.0,7.0
2,1,7.0,27.0,156.0,156.0,1080.0,1053.0,0.0
2,2,0.0,7.0,27.0,27.0,156.0,1080.0,34.0
2,3,34.0,0.0,7.0,7.0,27.0,156.0,0.0
2,4,0.0,34.0,0.0,0.0,7.0,27.0,34.0
2,5,34.0,0.0,34.0,34.0,0.0,7.0,1.0
2,6,1.0,34.0,0.0,0.0,34.0,0.0,653.0
2,7,653.0,1.0,34.0,34.0,0.0,34.0,34.0
2,8,34.0,653.0,1.0,1.0,34.0,0.0,0.0
2,9,0.0,34.0,653.0,653.0,1.0,34.0,34.0
2,10,34.0,0.0,34.0,34.0,653.0,1.0,0.0
2,11,0.0,34.0,0.0,0.0,34.0,653.0,0.0
2,12,0.0,0.0,34.0,34.0,0.0,34.0,541.0
2,13,541.0,0.0,0.0,0.0,34.0,0.0,1079.0
2,14,1079.0,541.0,0.0,0.0,0.0,34.0,1118.0
2,15,1118.0,1079.0,541.0,541.0,0.0,0.0,764.0
2,16,764.0,1118.0,1079.0,1079.0,541.0,0.0,4.0
2,17,4.0,764.0,1118.0,1118.0,1079.0,541.0,31.0
2,18,31.0,4.0,764.0,764.0,1118.0,1079.0,0.0
2,19,0.0,31.0,4.0,4.0,764.0,1118.0,35.0
2,20,35.0,0.0,31.0,31.0,4.0,764.0,0.0
2,21,0.0,35.0,0.0,0.0,31.0,4.0,9.0
2,22,9.0,0.0,35.0,35.0,0.0,31.0,25.0
2,23,25.0,9.0,0.0,0.0,35.0,0.0,160.0
2,24,160.0,25.0,9.0,9.0,0.0,35.0,553.0
3,1,553.0,160.0,25.0,25.0,9.0,0.0,1081.0
3,2,1081.0,553.0,160.0,160.0,25.0,9.0,562.0
3,3,562.0,1081.0,553.0,553.0,160.0,25.0,16.0
3,4,16.0,562.0,1081.0,1081.0,553.0,160.0,0.0
3,5,0.0,16.0,562.0,562.0,1081.0,553.0,36.0
3,6,36.0,0.0,16.0,16.0,562.0,1081.0,0.0
3,7,0.0,36.0,0.0,0.0,16.0,562.0,24.0
3,8,24.0,0.0,36.0,36.0,0.0,16.0,12.0
3,9,12.0,24.0,0.0,0.0,36.0,0.0,0.0
3,10,0.0,12.0,24.0,24.0,0.0,36.0,1034.0
3,11,1034.0,0.0,12.0,12.0,24.0,0.0,1059.0
3,12,1059.0,1034.0,0.0,0.0,12.0,24.0,1100.0
3,13,1100.0,1059.0,1034.0,1034.0,0.0,12.0,3445.0
3,14,3445.0,1100.0,1059.0,1059.0,1034.0,0.0,3153.0
3,15,3153.0,3445.0,1100.0,1100.0,1059.0,1034.0,1377.0
3,16,1377.0,3153.0,3445.0,3445.0,1100.0,1059.0,496.0
3,17,496.0,1377.0,3153.0,3153.0,3445.0,1100.0,2607.0
3,18,2607.0,496.0,1377.0,1377.0,3153.0,3445.0,1286.0
3,19,1286.0,2607.0,496.0,496.0,1377.0,3153.0,1113.0
3,20,1113.0,1286.0,2607.0,2607.0,496.0,1377.0,1023.0
3,21,1023.0,1113.0,1286.0,1286.0,2607.0,496.0,50.0
3,22,50.0,1023.0,1113.0,1113.0,1286.0,2607.0,10.0
3,23,10.0,50.0,1023.0,1023.0,1113.0,1286.0,45.0
3,24,45.0,10.0,50.0,50.0,1023.0,1113.0,15.0
4,1,15.0,45.0,10.0,10.0,50.0,1023.0,551.0
4,2,551.0,15.0,45.0,45.0,10.0,50.0,26.0
4,3,26.0,551.0,15.0,15.0,45.0,10.0,0.0
4,4,0.0,26.0,551.0,551.0,15.0,45.0,38.0
4,5,38.0,0.0,26.0,26.0,551.0,15.0,0.0
4,6,0.0,38.0,0.0,0.0,26.0,551.0,36.0
4,7,36.0,0.0,38.0,38.0,0.0,26.0,0.0
4,8,0.0,36.0,0.0,0.0,38.0,0.0,13.0
4,9,13.0,0.0,36.0,36.0,0.0,38.0,24.0
4,10,24.0,13.0,0.0,0.0,36.0,0.0,42.0
4,11,42.0,24.0,13.0,13.0,0.0,36.0,610.0
4,12,610.0,42.0,24.0,24.0,13.0,0.0,0.0
4,13,0.0,610.0,42.0,42.0,24.0,13.0,37.0
4,14,37.0,0.0,610.0,610.0,42.0,24.0,0.0
4,15,0.0,37.0,0.0,0.0,610.0,42.0,9.0
4,16,9.0,0.0,37.0,37.0,0.0,610.0,29.0
4,17,29.0,9.0,0.0,0.0,37.0,0.0,375.0
4,18,375.0,29.0,9.0,9.0,0.0,37.0,1072.0
4,19,1072.0,375.0,29.0,29.0,9.0,0.0,1015.0
4,20,1015.0,1072.0,375.0,375.0,29.0,9.0,371.0
4,21,371.0,1015.0,1072.0,1072.0,375.0,29.0,1421.0
4,22,1421.0,371.0,1015.0,1015.0,1072.0,375.0,1544.0
4,23,1544.0,1421.0,371.0,371.0,1015.0,1072.0,1179.0
4,24,1179.0,1544.0,1421.0,1421.0,371.0,1015.0,1072.0
5,1,1072.0,1179.0,1544.0,1544.0,1421.0,371.0,1101.0
5,2,1101.0,1072.0,1179.0,1179.0,1544.0,1421.0,131.0
5,3,131.0,1101.0,1072.0,1072.0,1179.0,1544.0,34.0
5,4,34.0,131.0,1101.0,1101.0,1072.0,1179.0,5.0
5,5,5.0,34.0,131.0,131.0,1101.0,1072.0,3.0
5,6,3.0,5.0,34.0,34.0,131.0,1101.0,34.0
5,7,34.0,3.0,5.0,5.0,34.0,131.0,0.0
5,8,0.0,34.0,3.0,3.0,5.0,34.0,38.0
5,9,38.0,0.0,34.0,34.0,3.0,5.0,0.0
5,10,0.0,38.0,0.0,0.0,34.0,3.0,26.0
5,11,26.0,0.0,38.0,38.0,0.0,34.0,14.0
5,12,14.0,26.0,0.0,0.0,38.0,0.0,971.0
5,13,971.0,14.0,26.0,26.0,0.0,38.0,2355.0
5,14,2355.0,971.0,14.0,14.0,26.0,0.0,1044.0
5,15,1044.0,2355.0,971.0,971.0,14.0,26.0,1093.0
5,16,1093.0,1044.0,2355.0,2355.0,971.0,14.0,268.0
5,17,268.0,1093.0,1044.0,1044.0,2355.0,971.0,23.0
5,18,23.0,268.0,1093.0,1093.0,1044.0,2355.0,15.0
5,19,15.0,23.0,268.0,268.0,1093.0,1044.0,0.0
5,20,0.0,15.0,23.0,23.0,268.0,1093.0,38.0
5,21,38.0,0.0,15.0,15.0,23.0,268.0,0.0
5,22,0.0,38.0,0.0,0.0,15.0,23.0,38.0
5,23,38.0,0.0,38.0,38.0,0.0,15.0,0.0
5,24,0.0,38.0,0.0,0.0,38.0,0.0,185.0
6,1,185.0,0.0,38.0,38.0,0.0,38.0,605.0
6,2,605.0,185.0,0.0,0.0,38.0,0.0,0.0
6,3,0.0,605.0,185.0,185.0,0.0,38.0,38.0
6,4,38.0,0.0,605.0,605.0,185.0,0.0,0.0
6,5,0.0,38.0,0.0,0.0,605.0,185.0,38.0
6,6,38.0,0.0,38.0,38.0,0.0,605.0,0.0
6,7,0.0,38.0,0.0,0.0,38.0,0.0,10.0
6,8,10.0,0.0,38.0,38.0,0.0,38.0,27.0
6,9,27.0,10.0,0.0,0.0,38.0,0.0,0.0
6,10,0.0,27.0,10.0,10.0,0.0,38.0,38.0
6,11,38.0,0.0,27.0,27.0,10.0,0.0,622.0
6,12,622.0,38.0,0.0,0.0,27.0,10.0,684.0
6,13,684.0,622.0,38.0,38.0,0.0,27.0,4.0
6,14,4.0,684.0,622.0,622.0,38.0,0.0,2875.0
6,15,2875.0,4.0,684.0,684.0,622.0,38.0,2075.0
6,16,2075.0,2875.0,4.0,4.0,684.0,622.0,3046.0
6,17,3046.0,2075.0,2875.0,2875.0,4.0,684.0,1110.0
6,18,1110.0,3046.0,2075.0,2075.0,2875.0,4.0,1212.0
6,19,1212.0,1110.0,3046.0,3046.0,2075.0,2875.0,2900.0
6,20,2900.0,1212.0,1110.0,1110.0,3046.0,2075.0,1086.0
6,21,1086.0,2900.0,1212.0,1212.0,1110.0,3046.0,1486.0
6,22,1486.0,1086.0,2900.0,2900.0,1212.0,1110.0,2888.0
6,23,2888.0,1486.0,1086.0,1086.0,2900.0,1212.0,1091.0
6,24,1091.0,2888.0,1486.0,1486.0,1086.0,2900.0,1139.0
0,1,1139.0,1091.0,2888.0,2888.0,1486.0,1086.0,1097.0
0,2,1097.0,1139.0,1091.0,1091.0,2888.0,1486.0,1079.0
0,3,1079.0,1097.0,1139.0,1139.0,1091.0,2888.0,1117.0
0,4,1117.0,1079.0,1097.0,1097.0,1139.0,1091.0,1082.0
0,5,1082.0,1117.0,1079.0,1079.0,1097.0,1139.0,1120.0
0,6,1120.0,1082.0,1117.0,1117.0,1079.0,1097.0,828.0
0,7,828.0,1120.0,1082.0,1082.0,1117.0,1079.0,15.0
0,8,15.0,828.0,1120.0,1120.0,1082.0,1117.0,156.0
0,9,156.0,15.0,828.0,828.0,1120.0,1082.0,1013.0
0,10,1013.0,156.0,15.0,15.0,828.0,1120.0,790.0
0,11,790.0,1013.0,156.0,156.0,15.0,828.0,1038.0
0,12,1038.0,790.0,1013.0,1013.0,156.0,15.0,797.0
0,13,797.0,1038.0,790.0,790.0,1013.0,156.0,14.0
0,14,14.0,797.0,1038.0,1038.0,790.0,1013.0,0.0
0,15,0.0,14.0,797.0,797.0,1038.0,790.0,1041.0
0,16,1041.0,0.0,14.0,14.0,797.0,1038.0,1081.0
0,17,1081.0,1041.0,0.0,0.0,14.0,797.0,1108.0
0,18,1108.0,1081.0,1041.0,1041.0,0.0,14.0,1040.0
0,19,1040.0,1108.0,1081.0,1081.0,1041.0,0.0,1016.0
0,20,1016.0,1040.0,1108.0,1108.0,1081.0,1041.0,1056.0
0,21,1056.0,1016.0,1040.0,1040.0,1108.0,1081.0,1032.0
0,22,1032.0,1056.0,1016.0,1016.0,1040.0,1108.0,451.0
0,23,451.0,1032.0,1056.0,1056.0,1016.0,1040.0,0.0
0,24,0.0,451.0,1032.0,1032.0,1056.0,1016.0,43.0
1,1,43.0,0.0,451.0,451.0,1032.0,1056.0,0.0
1,2,0.0,43.0,0.0,0.0,451.0,1032.0,40.0
1,3,40.0,0.0,43.0,43.0,0.0,451.0,0.0
1,4,0.0,40.0,0.0,0.0,43.0,0.0,159.0
1,5,159.0,0.0,40.0,40.0,0.0,43.0,384.0
1,6,384.0,159.0,0.0,0.0,40.0,0.0,3.0
1,7,3.0,384.0,159.0,159.0,0.0,40.0,388.0
1,8,388.0,3.0,384.0,384.0,159.0,0.0,1062.0
1,9,1062.0,388.0,3.0,3.0,384.0,159.0,1652.0
1,10,1652.0,1062.0,388.0,388.0,3.0,384.0,1608.0
1,11,1608.0,1652.0,1062.0,1062.0,388.0,3.0,1074.0
1,12,1074.0,1608.0,1652.0,1652.0,1062.0,388.0,675.0
1,13,675.0,1074.0,1608.0,1608.0,1652.0,1062.0,0.0
1,14,0.0,675.0,1074.0,1074.0,1608.0,1652.0,39.0
1,15,39.0,0.0,675.0,675.0,1074.0,1608.0,0.0
1,16,0.0,39.0,0.0,0.0,675.0,1074.0,132.0
1,17,132.0,0.0,39.0,39.0,0.0,675.0,1069.0
1,18,1069.0,132.0,0.0,0.0,39.0,0.0,1061.0
1,19,1061.0,1069.0,132.0,132.0,0.0,39.0,1052.0
1,20,1052.0,1061.0,1069.0,1069.0,132.0,0.0,879.0
1,21,879.0,1052.0,1061.0,1061.0,1069.0,132.0,1431.0
1,22,1431.0,879.0,1052.0,1052.0,1061.0,1069.0,1606.0
1,23,1606.0,1431.0,879.0,879.0,1052.0,1061.0,154.0
1,24,154.0,1606.0,1431.0,1431.0,879.0,1052.0,1277.0
2,1,1277.0,154.0,1606.0,1606.0,1431.0,879.0,250.0
2,2,250.0,1277.0,154.0,154.0,1606.0,1431.0,385.0
2,3,385.0,250.0,1277.0,1277.0,154.0,1606.0,51.0
2,4,51.0,385.0,250.0,250.0,1277.0,154.0,10.0
2,5,10.0,51.0,385.0,385.0,250.0,1277.0,50.0
2,6,50.0,10.0,51.0,51.0,385.0,250.0,11.0
2,7,11.0,50.0,10.0,10.0,51.0,385.0,181.0
2,8,181.0,11.0,50.0,50.0,10.0,51.0,1067.0
2,9,1067.0,181.0,11.0,11.0,50.0,10.0,1047.0
2,10,1047.0,1067.0,181.0,181.0,11.0,50.0,1620.0
2,11,1620.0,1047.0,1067.0,1067.0,181.0,11.0,1118.0
2,12,1118.0,1620.0,1047.0,1047.0,1067.0,181.0,3628.0
2,13,3628.0,1118.0,1620.0,1620.0,1047.0,1067.0,1144.0
2,14,1144.0,3628.0,1118.0,1118.0,1620.0,1047.0,68.0
2,15,68.0,1144.0,3628.0,3628.0,1118.0,1620.0,1099.0
2,16,1099.0,68.0,1144.0,1144.0,3628.0,1118.0,701.0
2,17,701.0,1099.0,68.0,68.0,1144.0,3628.0,65.0
2,18,65.0,701.0,1099.0,1099.0,68.0,1144.0,135.0
2,19,135.0,65.0,701.0,701.0,1099.0,68.0,1083.0
2,20,1083.0,135.0,65.0,65.0,701.0,1099.0,1018.0
2,21,1018.0,1083.0,135.0,135.0,65.0,701.0,1052.0
2,22,1052.0,1018.0,1083.0,1083.0,135.0,65.0,420.0
2,23,420.0,1052.0,1018.0,1018.0,1083.0,135.0,36.0
2,24,36.0,420.0,1052.0,1052.0,1018.0,1083.0,0.0
3,1,0.0,36.0,420.0,420.0,1052.0,1018.0,35.0
3,2,35.0,0.0,36.0,36.0,420.0,1052.0,0.0
3,3,0.0,35.0,0.0,0.0,36.0,420.0,28.0
3,4,28.0,0.0,35.0,35.0,0.0,36.0,621.0
3,5,621.0,28.0,0.0,0.0,35.0,0.0,6.0
3,6,6.0,621.0,28.0,28.0,0.0,35.0,29.0
3,7,29.0,6.0,621.0,621.0,28.0,0.0,175.0
3,8,175.0,29.0,6.0,6.0,621.0,28.0,1088.0
3,9,1088.0,175.0,29.0,29.0,6.0,621.0,1901.0
3,10,1901.0,1088.0,175.0,175.0,29.0,6.0,1099.0
3,11,1099.0,1901.0,1088.0,1088.0,175.0,29.0,1060.0
3,12,1060.0,1099.0,1901.0,1901.0,1088.0,175.0,887.0
3,13,887.0,1060.0,1099.0,1099.0,1901.0,1088.0,19.0
3,14,19.0,887.0,1060.0,1060.0,1099.0,1901.0,0.0
3,15,0.0,19.0,887.0,887.0,1060.0,1099.0,35.0
3,16,35.0,0.0,19.0,19.0,887.0,1060.0,225.0
3,17,225.0,35.0,0.0,0.0,19.0,887.0,1430.0
3,18,1430.0,225.0,35.0,35.0,0.0,19.0,1044.0
3,19,1044.0,1430.0,225.0,225.0,35.0,0.0,1060.0
3,20,1060.0,1044.0,1430.0,1430.0,225.0,35.0,2126.0
3,21,2126.0,1060.0,1044.0,1044.0,1430.0,225.0,1840.0
3,22,1840.0,2126.0,1060.0,1060.0,1044.0,1430.0,1076.0
3,23,1076.0,1840.0,2126.0,2126.0,1060.0,1044.0,154.0
3,24,154.0,1076.0,1840.0,1840.0,2126.0,1060.0,25.0
4,1,25.0,154.0,1076.0,1076.0,1840.0,2126.0,19.0
4,2,19.0,25.0,154.0,154.0,1076.0,1840.0,39.0
4,3,39.0,19.0,25.0,25.0,154.0,1076.0,10.0
4,4,10.0,39.0,19.0,19.0,25.0,154.0,44.0
4,5,44.0,10.0,39.0,39.0,19.0,25.0,0.0
4,6,0.0,44.0,10.0,10.0,39.0,19.0,550.0
4,7,550.0,0.0,44.0,44.0,10.0,39.0,675.0
4,8,675.0,550.0,0.0,0.0,44.0,10.0,1082.0
4,9,1082.0,675.0,550.0,550.0,0.0,44.0,1077.0
4,10,1077.0,1082.0,675.0,675.0,550.0,0.0,1085.0
4,11,1085.0,1077.0,1082.0,1082.0,675.0,550.0,636.0
4,12,636.0,1085.0,1077.0,1077.0,1082.0,675.0,16.0
4,13,16.0,636.0,1085.0,1085.0,1077.0,1082.0,19.0
4,14,19.0,16.0,636.0,636.0,1085.0,1077.0,0.0
4,15,0.0,19.0,16.0,16.0,636.0,1085.0,36.0
4,16,36.0,0.0,19.0,19.0,16.0,636.0,0.0
4,17,0.0,36.0,0.0,0.0,19.0,16.0,36.0
4,18,36.0,0.0,36.0,36.0,0.0,19.0,0.0
4,19,0.0,36.0,0.0,0.0,36.0,0.0,1073.0
4,20,1073.0,0.0,36.0,36.0,0.0,36.0,1038.0
4,21,1038.0,1073.0,0.0,0.0,36.0,0.0,1050.0
4,22,1050.0,1038.0,1073.0,1073.0,0.0,36.0,194.0
4,23,194.0,1050.0,1038.0,1038.0,1073.0,0.0,0.0
4,24,0.0,194.0,1050.0,1050.0,1038.0,1073.0,36.0
5,1,36.0,0.0,194.0,194.0,1050.0,1038.0,613.0
5,2,613.0,36.0,0.0,0.0,194.0,1050.0,36.0
5,3,36.0,613.0,36.0,36.0,0.0,194.0,0.0
5,4,0.0,36.0,613.0,613.0,36.0,0.0,16.0
5,5,16.0,0.0,36.0,36.0,613.0,36.0,19.0
5,6,19.0,16.0,0.0,0.0,36.0,613.0,0.0
5,7,0.0,19.0,16.0,16.0,0.0,36.0,36.0
5,8,36.0,0.0,19.0,19.0,16.0,0.0,670.0
5,9,670.0,36.0,0.0,0.0,19.0,16.0,1306.0
5,10,1306.0,670.0,36.0,36.0,0.0,19.0,855.0
5,11,855.0,1306.0,670.0,670.0,36.0,0.0,1135.0
5,12,1135.0,855.0,1306.0,1306.0,670.0,36.0,2059.0
5,13,2059.0,1135.0,855.0,855.0,1306.0,670.0,1029.0
5,14,1029.0,2059.0,1135.0,1135.0,855.0,1306.0,775.0
5,15,775.0,1029.0,2059.0,2059.0,1135.0,855.0,1150.0
5,16,1150.0,775.0,1029.0,1029.0,2059.0,1135.0,1416.0
5,17,1416.0,1150.0,775.0,775.0,1029.0,2059.0,1084.0
5,18,1084.0,1416.0,1150.0,1150.0,775.0,1029.0,846.0
5,19,846.0,1084.0,1416.0,1416.0,1150.0,775.0,8.0
5,20,8.0,846.0,1084.0,1084.0,1416.0,1150.0,869.0
5,21,869.0,8.0,846.0,846.0,1084.0,1416.0,2175.0
5,22,2175.0,869.0,8.0,8.0,846.0,1084.0,1658.0
5,23,1658.0,2175.0,869.0,869.0,8.0,846.0,2433.0
5,24,2433.0,1658.0,2175.0,2175.0,869.0,8.0,1934.0
6,1,1934.0,2433.0,1658.0,1658.0,2175.0,869.0,289.0
6,2,289.0,1934.0,2433.0,2433.0,1658.0,2175.0,24.0
6,3,24.0,289.0,1934.0,1934.0,2433.0,1658.0,1420.0
6,4,1420.0,24.0,289.0,289.0,1934.0,2433.0,3.0
6,5,3.0,1420.0,24.0,24.0,289.0,1934.0,3.0
6,6,3.0,3.0,1420.0,1420.0,24.0,289.0,36.0
6,7,36.0,3.0,3.0,3.0,1420.0,24.0,0.0
6,8,0.0,36.0,3.0,3.0,3.0,1420.0,37.0
6,9,37.0,0.0,36.0,36.0,3.0,3.0,0.0
6,10,0.0,37.0,0.0,0.0,36.0,3.0,697.0
6,11,697.0,0.0,37.0,37.0,0.0,36.0,809.0
6,12,809.0,697.0,0.0,0.0,37.0,0.0,621.0
6,13,621.0,809.0,697.0,697.0,0.0,37.0,329.0
6,14,329.0,621.0,809.0,809.0,697.0,0.0,711.0
6,15,711.0,329.0,621.0,621.0,809.0,697.0,1106.0
6,16,1106.0,711.0,329.0,329.0,621.0,809.0,1649.0
6,17,1649.0,1106.0,711.0,711.0,329.0,621.0,2415.0
6,18,2415.0,1649.0,1106.0,1106.0,711.0,329.0,2310.0
6,19,2310.0,2415.0,1649.0,1649.0,1106.0,711.0,1226.0
6,20,1226.0,2310.0,2415.0,2415.0,1649.0,1106.0,1029.0
6,21,1029.0,1226.0,2310.0,2310.0,2415.0,1649.0,1033.0
6,22,1033.0,1029.0,1226.0,1226.0,2310.0,2415.0,1034.0
6,23,1034.0,1033.0,1029.0,1029.0,1226.0,2310.0,1082.0
6,24,1082.0,1034.0,1033.0,1033.0,1029.0,1226.0,1104.0
0,1,1104.0,1082.0,1034.0,1034.0,1033.0,1029.0,1076.0
0,2,1076.0,1104.0,1082.0,1082.0,1034.0,1033.0,1088.0
0,3,1088.0,1076.0,1104.0,1104.0,1082.0,1034.0,203.0
0,4,203.0,1088.0,1076.0,1076.0,1104.0,1082.0,13.0
0,5,13.0,203.0,1088.0,1088.0,1076.0,1104.0,25.0
0,6,25.0,13.0,203.0,203.0,1088.0,1076.0,0.0
0,7,0.0,25.0,13.0,13.0,203.0,1088.0,24.0
0,8,24.0,0.0,25.0,25.0,13.0,203.0,725.0
0,9,725.0,24.0,0.0,0.0,25.0,13.0,1342.0
0,10,1342.0,725.0,24.0,24.0,0.0,25.0,1339.0
0,11,1339.0,1342.0,725.0,725.0,24.0,0.0,1594.0
0,12,1594.0,1339.0,1342.0,1342.0,725.0,24.0,1073.0
0,13,1073.0,1594.0,1339.0,1339.0,1342.0,725.0,776.0
0,14,776.0,1073.0,1594.0,1594.0,1339.0,1342.0,20.0
0,15,20.0,776.0,1073.0,1073.0,1594.0,1339.0,788.0
0,16,788.0,20.0,776.0,776.0,1073.0,1594.0,1120.0
0,17,1120.0,788.0,20.0,20.0,776.0,1073.0,1091.0
0,18,1091.0,1120.0,788.0,788.0,20.0,776.0,1067.0
0,19,1067.0,1091.0,1120.0,1120.0,788.0,20.0,1039.0
0,20,1039.0,1067.0,1091.0,1091.0,1120.0,788.0,1498.0
0,21,1498.0,1039.0,1067.0,1067.0,1091.0,1120.0,1041.0
0,22,1041.0,1498.0,1039.0,1039.0,1067.0,1091.0,73.0
0,23,73.0,1041.0,1498.0,1498.0,1039.0,1067.0,0.0
0,24,0.0,73.0,1041.0,1041.0,1498.0,1039.0,1486.0
1,1,1486.0,0.0,73.0,73.0,1041.0,1498.0,104.0
1,2,104.0,1486.0,0.0,0.0,73.0,1041.0,43.0
1,3,43.0,104.0,1486.0,1486.0,0.0,73.0,37.0
1,4,37.0,43.0,104.0,104.0,1486.0,0.0,10.0
1,5,10.0,37.0,43.0,43.0,104.0,1486.0,529.0
1,6,529.0,10.0,37.0,37.0,43.0,104.0,143.0
1,7,143.0,529.0,10.0,10.0,37.0,43.0,73.0
1,8,73.0,143.0,529.0,529.0,10.0,37.0,1060.0
1,9,1060.0,73.0,143.0,143.0,529.0,10.0,763.0
1,10,763.0,1060.0,73.0,73.0,143.0,529.0,547.0
1,11,547.0,763.0,1060.0,1060.0,73.0,143.0,25.0
1,12,25.0,547.0,763.0,763.0,1060.0,73.0,0.0
1,13,0.0,25.0,547.0,547.0,763.0,1060.0,1042.0
1,14,1042.0,0.0,25.0,25.0,547.0,763.0,131.0
1,15,131.0,1042.0,0.0,0.0,25.0,547.0,1121.0
1,16,1121.0,131.0,1042.0,1042.0,0.0,25.0,317.0
1,17,317.0,1121.0,131.0,131.0,1042.0,0.0,957.0
1,18,957.0,317.0,1121.0,1121.0,131.0,1042.0,1064.0
1,19,1064.0,957.0,317.0,317.0,1121.0,131.0,1032.0
1,20,1032.0,1064.0,957.0,957.0,317.0,1121.0,242.0
1,21,242.0,1032.0,1064.0,1064.0,957.0,317.0,0.0
1,22,0.0,242.0,1032.0,1032.0,1064.0,957.0,25.0
1,23,25.0,0.0,242.0,242.0,1032.0,1064.0,16.0
1,24,16.0,25.0,0.0,0.0,242.0,1032.0,9.0
2,1,9.0,16.0,25.0,25.0,0.0,242.0,25.0
2,2,25.0,9.0,16.0,16.0,25.0,0.0,0.0
2,3,0.0,25.0,9.0,9.0,16.0,25.0,588.0
2,4,588.0,0.0,25.0,25.0,9.0,16.0,0.0
2,5,0.0,588.0,0.0,0.0,25.0,9.0,25.0
2,6,25.0,0.0,588.0,588.0,0.0,25.0,0.0
2,7,0.0,25.0,0.0,0.0,588.0,0.0,148.0
2,8,148.0,0.0,25.0,25.0,0.0,588.0,1052.0
2,9,1052.0,148.0,0.0,0.0,25.0,0.0,1756.0
2,10,1756.0,1052.0,148.0,148.0,0.0,25.0,2183.0
2,11,2183.0,1756.0,1052.0,1052.0,148.0,0.0,3414.0
2,12,3414.0,2183.0,1756.0,1756.0,1052.0,148.0,1698.0
2,13,1698.0,3414.0,2183.0,2183.0,1756.0,1052.0,1111.0
2,14,1111.0,1698.0,3414.0,3414.0,2183.0,1756.0,1124.0
2,15,1124.0,1111.0,1698.0,1698.0,3414.0,2183.0,1170.0
2,16,1170.0,1124.0,1111.0,1111.0,1698.0,3414.0,2917.0
2,17,2917.0,1170.0,1124.0,1124.0,1111.0,1698.0,1191.0
2,18,1191.0,2917.0,1170.0,1170.0,1124.0,1111.0,1951.0
2,19,1951.0,1191.0,2917.0,2917.0,1170.0,1124.0,20.0
2,20,20.0,1951.0,1191.0,1191.0,2917.0,1170.0,27.0
2,21,27.0,20.0,1951.0,1951.0,1191.0,2917.0,599.0
2,22,599.0,27.0,20.0,20.0,1951.0,1191.0,1187.0
2,23,1187.0,599.0,27.0,27.0,20.0,1951.0,1452.0
2,24,1452.0,1187.0,599.0,599.0,27.0,20.0,1663.0
3,1,1663.0,1452.0,1187.0,1187.0,599.0,27.0,1098.0
3,2,1098.0,1663.0,1452.0,1452.0,1187.0,599.0,868.0
3,3,868.0,1098.0,1663.0,1663.0,1452.0,1187.0,26.0
3,4,26.0,868.0,1098.0,1098.0,1663.0,1452.0,0.0
3,5,0.0,26.0,868.0,868.0,1098.0,1663.0,26.0
3,6,26.0,0.0,26.0,26.0,868.0,1098.0,0.0
3,7,0.0,26.0,0.0,0.0,26.0,868.0,232.0
3,8,232.0,0.0,26.0,26.0,0.0,26.0,1044.0
3,9,1044.0,232.0,0.0,0.0,26.0,0.0,1071.0
3,10,1071.0,1044.0,232.0,232.0,0.0,26.0,1056.0
3,11,1056.0,1071.0,1044.0,1044.0,232.0,0.0,584.0
3,12,584.0,1056.0,1071.0,1071.0,1044.0,232.0,6.0
3,13,6.0,584.0,1056.0,1056.0,1071.0,1044.0,20.0
3,14,20.0,6.0,584.0,584.0,1056.0,1071.0,14.0
3,15,14.0,20.0,6.0,6.0,584.0,1056.0,12.0
3,16,12.0,14.0,20.0,20.0,6.0,584.0,286.0
3,17,286.0,12.0,14.0,14.0,20.0,6.0,1078.0
3,18,1078.0,286.0,12.0,12.0,14.0,20.0,1058.0
3,19,1058.0,1078.0,286.0,286.0,12.0,14.0,1022.0
3,20,1022.0,1058.0,1078.0,1078.0,286.0,12.0,901.0
3,21,901.0,1022.0,1058.0,1058.0,1078.0,286.0,1052.0
3,22,1052.0,901.0,1022.0,1022.0,1058.0,1078.0,1071.0
3,23,1071.0,1052.0,901.0,901.0,1022.0,1058.0,1064.0
3,24,1064.0,1071.0,1052.0,1052.0,901.0,1022.0,238.0
4,1,238.0,1064.0,1071.0,1071.0,1052.0,901.0,0.0
4,2,0.0,238.0,1064.0,1064.0,1071.0,1052.0,26.0
4,3,26.0,0.0,238.0,238.0,1064.0,1071.0,4.0
4,4,4.0,26.0,0.0,0.0,238.0,1064.0,21.0
4,5,21.0,4.0,26.0,26.0,0.0,238.0,15.0
4,6,15.0,21.0,4.0,4.0,26.0,0.0,11.0
4,7,11.0,15.0,21.0,21.0,4.0,26.0,49.0
4,8,49.0,11.0,15.0,15.0,21.0,4.0,904.0
4,9,904.0,49.0,11.0,11.0,15.0,21.0,1577.0
4,10,1577.0,904.0,49.0,49.0,11.0,15.0,1580.0
4,11,1580.0,1577.0,904.0,904.0,49.0,11.0,884.0
4,12,884.0,1580.0,1577.0,1577.0,904.0,49.0,0.0
4,13,0.0,884.0,1580.0,1580.0,1577.0,904.0,25.0
4,14,25.0,0.0,884.0,884.0,1580.0,1577.0,0.0
4,15,0.0,25.0,0.0,0.0,884.0,1580.0,25.0
4,16,25.0,0.0,25.0,25.0,0.0,884.0,8.0
4,17,8.0,25.0,0.0,0.0,25.0,0.0,408.0
4,18,408.0,8.0,25.0,25.0,0.0,25.0,930.0
4,19,930.0,408.0,8.0,8.0,25.0,0.0,5.0
4,20,5.0,930.0,408.0,408.0,8.0,25.0,25.0
4,21,25.0,5.0,930.0,930.0,408.0,8.0,0.0
4,22,0.0,25.0,5.0,5.0,930.0,408.0,837.0
4,23,837.0,0.0,25.0,25.0,5.0,930.0,1238.0
4,24,1238.0,837.0,0.0,0.0,25.0,5.0,1033.0
5,1,1033.0,1238.0,837.0,837.0,0.0,25.0,0.0
5,2,0.0,1033.0,1238.0,1238.0,837.0,0.0,25.0
5,3,25.0,0.0,1033.0,1033.0,1238.0,837.0,2.0
5,4,2.0,25.0,0.0,0.0,1033.0,1238.0,24.0
5,5,24.0,2.0,25.0,25.0,0.0,1033.0,13.0
5,6,13.0,24.0,2.0,2.0,25.0,0.0,12.0
5,7,12.0,13.0,24.0,24.0,2.0,25.0,24.0
5,8,24.0,12.0,13.0,13.0,24.0,2.0,542.0
5,9,542.0,24.0,12.0,12.0,13.0,24.0,75.0
5,10,75.0,542.0,24.0,24.0,12.0,13.0,1115.0
5,11,1115.0,75.0,542.0,542.0,24.0,12.0,1093.0
5,12,1093.0,1115.0,75.0,75.0,542.0,24.0,1165.0
5,13,1165.0,1093.0,1115.0,1115.0,75.0,542.0,1094.0
5,14,1094.0,1165.0,1093.0,1093.0,1115.0,75.0,3431.0
5,15,3431.0,1094.0,1165.0,1165.0,1093.0,1115.0,2254.0
5,16,2254.0,3431.0,1094.0,1094.0,1165.0,1093.0,1639.0
5,17,1639.0,2254.0,3431.0,3431.0,1094.0,1165.0,1057.0
5,18,1057.0,1639.0,2254.0,2254.0,3431.0,1094.0,1062.0
5,19,1062.0,1057.0,1639.0,1639.0,2254.0,3431.0,1540.0
5,20,1540.0,1062.0,1057.0,1057.0,1639.0,2254.0,2286.0
5,21,2286.0,1540.0,1062.0,1062.0,1057.0,1639.0,1409.0
5,22,1409.0,2286.0,1540.0,1540.0,1062.0,1057.0,1081.0
5,23,1081.0,1409.0,2286.0,2286.0,1540.0,1062.0,38.0
5,24,38.0,1081.0,1409.0,1409.0,2286.0,1540.0,5.0
6,1,5.0,38.0,1081.0,1081.0,1409.0,2286.0,26.0
6,2,26.0,5.0,38.0,38.0,1081.0,1409.0,364.0
6,3,364.0,26.0,5.0,5.0,38.0,1081.0,412.0
6,4,412.0,364.0,26.0,26.0,5.0,38.0,25.0
6,5,25.0,412.0,364.0,364.0,26.0,5.0,0.0
6,6,0.0,25.0,412.0,412.0,364.0,26.0,26.0
6,7,26.0,0.0,25.0,25.0,412.0,364.0,0.0
6,8,0.0,26.0,0.0,0.0,25.0,412.0,25.0
6,9,25.0,0.0,26.0,26.0,0.0,25.0,406.0
6,10,406.0,25.0,0.0,0.0,26.0,0.0,712.0
6,11,712.0,406.0,25.0,25.0,0.0,26.0,1033.0
6,12,1033.0,712.0,406.0,406.0,25.0,0.0,2301.0
6,13,2301.0,1033.0,712.0,712.0,406.0,25.0,2121.0
6,14,2121.0,2301.0,1033.0,1033.0,712.0,406.0,2113.0
6,15,2113.0,2121.0,2301.0,2301.0,1033.0,712.0,1430.0
6,16,1430.0,2113.0,2121.0,2121.0,2301.0,1033.0,1229.0
6,17,1229.0,1430.0,2113.0,2113.0,2121.0,2301.0,24.0
6,18,24.0,1229.0,1430.0,1430.0,2113.0,2121.0,1809.0
6,19,1809.0,24.0,1229.0,1229.0,1430.0,2113.0,1859.0
6,20,1859.0,1809.0,24.0,24.0,1229.0,1430.0,3130.0
6,21,3130.0,1859.0,1809.0,1809.0,24.0,1229.0,3710.0
6,22,3710.0,3130.0,1859.0,1859.0,1809.0,24.0,3904.0
6,23,3904.0,3710.0,3130.0,3130.0,1859.0,1809.0,828.0
6,24,828.0,3904.0,3710.0,3710.0,3130.0,1859.0,25.0
0,1,25.0,828.0,3904.0,3904.0,3710.0,3130.0,26.0
0,2,26.0,25.0,828.0,828.0,3904.0,3710.0,0.0
0,3,0.0,26.0,25.0,25.0,828.0,3904.0,25.0
0,4,25.0,0.0,26.0,26.0,25.0,828.0,0.0
0,5,0.0,25.0,0.0,0.0,26.0,25.0,26.0
0,6,26.0,0.0,25.0,25.0,0.0,26.0,0.0
0,7,0.0,26.0,0.0,0.0,25.0,0.0,718.0
0,8,718.0,0.0,26.0,26.0,0.0,25.0,54.0
0,9,54.0,718.0,0.0,0.0,26.0,0.0,1076.0
0,10,1076.0,54.0,718.0,718.0,0.0,26.0,1582.0
0,11,1582.0,1076.0,54.0,54.0,718.0,0.0,1602.0
0,12,1602.0,1582.0,1076.0,1076.0,54.0,718.0,1060.0
0,13,1060.0,1602.0,1582.0,1582.0,1076.0,54.0,1084.0
0,14,1084.0,1060.0,1602.0,1602.0,1582.0,1076.0,631.0
0,15,631.0,1084.0,1060.0,1060.0,1602.0,1582.0,1115.0
0,16,1115.0,631.0,1084.0,1084.0,1060.0,1602.0,1120.0
0,17,1120.0,1115.0,631.0,631.0,1084.0,1060.0,923.0
0,18,923.0,1120.0,1115.0,1115.0,631.0,1084.0,23.0
0,19,23.0,923.0,1120.0,1120.0,1115.0,631.0,14.0
0,20,14.0,23.0,923.0,923.0,1120.0,1115.0,1047.0
0,21,1047.0,14.0,23.0,23.0,923.0,1120.0,2531.0
0,22,2531.0,1047.0,14.0,14.0,23.0,923.0,666.0
0,23,666.0,2531.0,1047.0,1047.0,14.0,23.0,58.0
0,24,58.0,666.0,2531.0,2531.0,1047.0,14.0,17.0
1,1,17.0,58.0,666.0,666.0,2531.0,1047.0,1331.0
1,2,1331.0,17.0,58.0,58.0,666.0,2531.0,38.0
1,3,38.0,1331.0,17.0,17.0,58.0,666.0,37.0
1,4,37.0,38.0,1331.0,1331.0,17.0,58.0,14.0
1,5,14.0,37.0,38.0,38.0,1331.0,17.0,34.0
1,6,34.0,14.0,37.0,37.0,38.0,1331.0,26.0
1,7,26.0,34.0,14.0,14.0,37.0,38.0,22.0
1,8,22.0,26.0,34.0,34.0,14.0,37.0,450.0
1,9,450.0,22.0,26.0,26.0,34.0,14.0,1084.0
1,10,1084.0,450.0,22.0,22.0,26.0,34.0,1039.0
1,11,1039.0,1084.0,450.0,450.0,22.0,26.0,1.0
1,12,1.0,1039.0,1084.0,1084.0,450.0,22.0,24.0
1,13,24.0,1.0,1039.0,1039.0,1084.0,450.0,0.0
1,14,0.0,24.0,1.0,1.0,1039.0,1084.0,23.0
1,15,23.0,0.0,24.0,24.0,1.0,1039.0,1.0
1,16,1.0,23.0,0.0,0.0,24.0,1.0,20.0
1,17,20.0,1.0,23.0,23.0,0.0,24.0,5.0
1,18,5.0,20.0,1.0,1.0,23.0,0.0,558.0
1,19,558.0,5.0,20.0,20.0,1.0,23.0,11.0
1,20,11.0,558.0,5.0,5.0,20.0,1.0,5.0
1,21,5.0,11.0,558.0,558.0,5.0,20.0,519.0
1,22,519.0,5.0,11.0,11.0,558.0,5.0,858.0
1,23,858.0,519.0,5.0,5.0,11.0,558.0,25.0
1,24,25.0,858.0,519.0,519.0,5.0,11.0,0.0
2,1,0.0,25.0,858.0,858.0,519.0,5.0,428.0
2,2,428.0,0.0,25.0,25.0,858.0,519.0,178.0
2,3,178.0,428.0,0.0,0.0,25.0,858.0,24.0
2,4,24.0,178.0,428.0,428.0,0.0,25.0,0.0
2,5,0.0,24.0,178.0,178.0,428.0,0.0,24.0
2,6,24.0,0.0,24.0,24.0,178.0,428.0,0.0
2,7,0.0,24.0,0.0,0.0,24.0,178.0,25.0
2,8,25.0,0.0,24.0,24.0,0.0,24.0,784.0
2,9,784.0,25.0,0.0,0.0,24.0,0.0,1390.0
2,10,1390.0,784.0,25.0,25.0,0.0,24.0,2798.0
2,11,2798.0,1390.0,784.0,784.0,25.0,0.0,2357.0
2,12,2357.0,2798.0,1390.0,1390.0,784.0,25.0,946.0
2,13,946.0,2357.0,2798.0,2798.0,1390.0,784.0,2236.0
2,14,2236.0,946.0,2357.0,2357.0,2798.0,1390.0,1465.0
2,15,1465.0,2236.0,946.0,946.0,2357.0,2798.0,1270.0
2,16,1270.0,1465.0,2236.0,2236.0,946.0,2357.0,1634.0
2,17,1634.0,1270.0,1465.0,1465.0,2236.0,946.0,916.0
2,18,916.0,1634.0,1270.0,1270.0,1465.0,2236.0,0.0
2,19,0.0,916.0,1634.0,1634.0,1270.0,1465.0,24.0
2,20,24.0,0.0,916.0,916.0,1634.0,1270.0,0.0
2,21,0.0,24.0,0.0,0.0,916.0,1634.0,744.0
2,22,744.0,0.0,24.0,24.0,0.0,916.0,0.0
2,23,0.0,744.0,0.0,0.0,24.0,0.0,24.0
2,24,24.0,0.0,744.0,744.0,0.0,24.0,421.0
3,1,421.0,24.0,0.0,0.0,744.0,0.0,306.0
3,2,306.0,421.0,24.0,24.0,0.0,744.0,0.0
3,3,0.0,306.0,421.0,421.0,24.0,0.0,24.0
3,4,24.0,0.0,306.0,306.0,421.0,24.0,0.0
3,5,0.0,24.0,0.0,0.0,306.0,421.0,24.0
3,6,24.0,0.0,24.0,24.0,0.0,306.0,0.0
3,7,0.0,24.0,0.0,0.0,24.0,0.0,143.0
3,8,143.0,0.0,24.0,24.0,0.0,24.0,1057.0
3,9,1057.0,143.0,0.0,0.0,24.0,0.0,1066.0
3,10,1066.0,1057.0,143.0,143.0,0.0,24.0,328.0
3,11,328.0,1066.0,1057.0,1057.0,143.0,0.0,0.0
3,12,0.0,328.0,1066.0,1066.0,1057.0,143.0,24.0
3,13,24.0,0.0,328.0,328.0,1066.0,1057.0,0.0
3,14,0.0,24.0,0.0,0.0,328.0,1066.0,24.0
3,15,24.0,0.0,24.0,24.0,0.0,328.0,752.0
3,16,752.0,24.0,0.0,0.0,24.0,0.0,1122.0
3,17,1122.0,752.0,24.0,24.0,0.0,24.0,1127.0
3,18,1127.0,1122.0,752.0,752.0,24.0,0.0,1187.0
3,19,1187.0,1127.0,1122.0,1122.0,752.0,24.0,1466.0
3,20,1466.0,1187.0,1127.0,1127.0,1122.0,752.0,1608.0
3,21,1608.0,1466.0,1187.0,1187.0,1127.0,1122.0,1089.0
3,22,1089.0,1608.0,1466.0,1466.0,1187.0,1127.0,643.0
3,23,643.0,1089.0,1608.0,1608.0,1466.0,1187.0,24.0
3,24,24.0,643.0,1089.0,1089.0,1608.0,1466.0,645.0
4,1,645.0,24.0,643.0,643.0,1089.0,1608.0,24.0
4,2,24.0,645.0,24.0,24.0,643.0,1089.0,0.0
4,3,0.0,24.0,645.0,645.0,24.0,643.0,9.0
4,4,9.0,0.0,24.0,24.0,645.0,24.0,14.0
4,5,14.0,9.0,0.0,0.0,24.0,645.0,0.0
4,6,0.0,14.0,9.0,9.0,0.0,24.0,24.0
4,7,24.0,0.0,14.0,14.0,9.0,0.0,508.0
4,8,508.0,24.0,0.0,0.0,14.0,9.0,957.0
4,9,957.0,508.0,24.0,24.0,0.0,14.0,0.0
4,10,0.0,957.0,508.0,508.0,24.0,0.0,11.0
4,11,11.0,0.0,957.0,957.0,508.0,24.0,82.0
4,12,82.0,11.0,0.0,0.0,957.0,508.0,1048.0
4,13,1048.0,82.0,11.0,11.0,0.0,957.0,1090.0
4,14,1090.0,1048.0,82.0,82.0,11.0,0.0,1086.0
4,15,1086.0,1090.0,1048.0,1048.0,82.0,11.0,1132.0
4,16,1132.0,1086.0,1090.0,1090.0,1048.0,82.0,399.0
4,17,399.0,1132.0,1086.0,1086.0,1090.0,1048.0,18.0
4,18,18.0,399.0,1132.0,1132.0,1086.0,1090.0,6.0
4,19,6.0,18.0,399.0,399.0,1132.0,1086.0,0.0
4,20,0.0,6.0,18.0,18.0,399.0,1132.0,24.0
4,21,24.0,0.0,6.0,6.0,18.0,399.0,81.0
4,22,81.0,24.0,0.0,0.0,6.0,18.0,1041.0
4,23,1041.0,81.0,24.0,24.0,0.0,6.0,970.0
4,24,970.0,1041.0,81.0,81.0,24.0,0.0,1138.0
5,1,1138.0,970.0,1041.0,1041.0,81.0,24.0,36.0
5,2,36.0,1138.0,970.0,970.0,1041.0,81.0,20.0
5,3,20.0,36.0,1138.0,1138.0,970.0,1041.0,3.0
5,4,3.0,20.0,36.0,36.0,1138.0,970.0,1.0
5,5,1.0,3.0,20.0,20.0,36.0,1138.0,22.0
5,6,22.0,1.0,3.0,3.0,20.0,36.0,0.0
5,7,0.0,22.0,1.0,1.0,3.0,20.0,265.0
5,8,265.0,0.0,22.0,22.0,1.0,3.0,390.0
5,9,390.0,265.0,0.0,0.0,22.0,1.0,379.0
5,10,379.0,390.0,265.0,265.0,0.0,22.0,1452.0
5,11,1452.0,379.0,390.0,390.0,265.0,0.0,1074.0
5,12,1074.0,1452.0,379.0,379.0,390.0,265.0,1038.0
5,13,1038.0,1074.0,1452.0,1452.0,379.0,390.0,1062.0
5,14,1062.0,1038.0,1074.0,1074.0,1452.0,379.0,1090.0
5,15,1090.0,1062.0,1038.0,1038.0,1074.0,1452.0,2595.0
5,16,2595.0,1090.0,1062.0,1062.0,1038.0,1074.0,1794.0
5,17,1794.0,2595.0,1090.0,1090.0,1062.0,1038.0,1687.0
5,18,1687.0,1794.0,2595.0,2595.0,1090.0,1062.0,1065.0
5,19,1065.0,1687.0,1794.0,1794.0,2595.0,1090.0,761.0
5,20,761.0,1065.0,1687.0,1687.0,1794.0,2595.0,440.0
5,21,440.0,761.0,1065.0,1065.0,1687.0,1794.0,917.0
5,22,917.0,440.0,761.0,761.0,1065.0,1687.0,406.0
5,23,406.0,917.0,440.0,440.0,761.0,1065.0,25.0
5,24,25.0,406.0,917.0,917.0,440.0,761.0,918.0
6,1,918.0,25.0,406.0,406.0,917.0,440.0,1785.0
6,2,1785.0,918.0,25.0,25.0,406.0,917.0,38.0
6,3,38.0,1785.0,918.0,918.0,25.0,406.0,35.0
6,4,35.0,38.0,1785.0,1785.0,918.0,25.0,17.0
6,5,17.0,35.0,38.0,38.0,1785.0,918.0,28.0
6,6,28.0,17.0,35.0,35.0,38.0,1785.0,20.0
6,7,20.0,28.0,17.0,17.0,35.0,38.0,26.0
6,8,26.0,20.0,28.0,28.0,17.0,35.0,14.0
6,9,14.0,26.0,20.0,20.0,28.0,17.0,515.0
6,10,515.0,14.0,26.0,26.0,20.0,28.0,453.0
6,11,453.0,515.0,14.0,14.0,26.0,20.0,22.0
6,12,22.0,453.0,515.0,515.0,14.0,26.0,913.0
6,13,913.0,22.0,453.0,453.0,515.0,14.0,3262.0
6,14,3262.0,913.0,22.0,22.0,453.0,515.0,2580.0
6,15,2580.0,3262.0,913.0,913.0,22.0,453.0,1355.0
6,16,1355.0,2580.0,3262.0,3262.0,913.0,22.0,1233.0
6,17,1233.0,1355.0,2580.0,2580.0,3262.0,913.0,1078.0
6,18,1078.0,1233.0,1355.0,1355.0,2580.0,3262.0,1038.0
6,19,1038.0,1078.0,1233.0,1233.0,1355.0,2580.0,1027.0
6,20,1027.0,1038.0,1078.0,1078.0,1233.0,1355.0,1052.0
6,21,1052.0,1027.0,1038.0,1038.0,1078.0,1233.0,1479.0
6,22,1479.0,1052.0,1027.0,1027.0,1038.0,1078.0,1514.0
6,23,1514.0,1479.0,1052.0,1052.0,1027.0,1038.0,0.0
6,24,0.0,1514.0,1479.0,1479.0,1052.0,1027.0,24.0
0,1,24.0,0.0,1514.0,1514.0,1479.0,1052.0,0.0
0,2,0.0,24.0,0.0,0.0,1514.0,1479.0,24.0
0,3,24.0,0.0,24.0,24.0,0.0,1514.0,0.0
0,4,0.0,24.0,0.0,0.0,24.0,0.0,25.0
0,5,25.0,0.0,24.0,24.0,0.0,24.0,0.0
0,6,0.0,25.0,0.0,0.0,24.0,0.0,772.0
0,7,772.0,0.0,25.0,25.0,0.0,24.0,0.0
0,8,0.0,772.0,0.0,0.0,25.0,0.0,227.0
0,9,227.0,0.0,772.0,772.0,0.0,25.0,1044.0
0,10,1044.0,227.0,0.0,0.0,772.0,0.0,1057.0
0,11,1057.0,1044.0,227.0,227.0,0.0,772.0,1036.0
0,12,1036.0,1057.0,1044.0,1044.0,227.0,0.0,1069.0
0,13,1069.0,1036.0,1057.0,1057.0,1044.0,227.0,1049.0
0,14,1049.0,1069.0,1036.0,1036.0,1057.0,1044.0,1070.0
0,15,1070.0,1049.0,1069.0,1069.0,1036.0,1057.0,1068.0
0,16,1068.0,1070.0,1049.0,1049.0,1069.0,1036.0,1121.0
0,17,1121.0,1068.0,1070.0,1070.0,1049.0,1069.0,1099.0
0,18,1099.0,1121.0,1068.0,1068.0,1070.0,1049.0,1072.0
0,19,1072.0,1099.0,1121.0,1121.0,1068.0,1070.0,1017.0
0,20,1017.0,1072.0,1099.0,1099.0,1121.0,1068.0,1036.0
0,21,1036.0,1017.0,1072.0,1072.0,1099.0,1121.0,1546.0
0,22,1546.0,1036.0,1017.0,1017.0,1072.0,1099.0,455.0
0,23,455.0,1546.0,1036.0,1036.0,1017.0,1072.0,199.0
0,24,199.0,455.0,1546.0,1546.0,1036.0,1017.0,685.0
1,1,685.0,199.0,455.0,455.0,1546.0,1036.0,85.0
1,2,85.0,685.0,199.0,199.0,455.0,1546.0,24.0
1,3,24.0,85.0,685.0,685.0,199.0,455.0,0.0
1,4,0.0,24.0,85.0,85.0,685.0,199.0,25.0
1,5,25.0,0.0,24.0,24.0,85.0,685.0,0.0
1,6,0.0,25.0,0.0,0.0,24.0,85.0,24.0
1,7,24.0,0.0,25.0,25.0,0.0,24.0,550.0
1,8,550.0,24.0,0.0,0.0,25.0,0.0,1064.0
1,9,1064.0,550.0,24.0,24.0,0.0,25.0,1046.0
1,10,1046.0,1064.0,550.0,550.0,24.0,0.0,448.0
1,11,448.0,1046.0,1064.0,1064.0,550.0,24.0,7.0
1,12,7.0,448.0,1046.0,1046.0,1064.0,550.0,14.0
1,13,14.0,7.0,448.0,448.0,1046.0,1064.0,11.0
1,14,11.0,14.0,7.0,7.0,448.0,1046.0,10.0
1,15,10.0,11.0,14.0,14.0,7.0,448.0,15.0
1,16,15.0,10.0,11.0,11.0,14.0,7.0,503.0
1,17,503.0,15.0,10.0,10.0,11.0,14.0,1123.0
1,18,1123.0,503.0,15.0,15.0,10.0,11.0,1066.0
1,19,1066.0,1123.0,503.0,503.0,15.0,10.0,1170.0
1,20,1170.0,1066.0,1123.0,1123.0,503.0,15.0,1139.0
1,21,1139.0,1170.0,1066.0,1066.0,1123.0,503.0,780.0
1,22,780.0,1139.0,1170.0,1170.0,1066.0,1123.0,463.0
1,23,463.0,780.0,1139.0,1139.0,1170.0,1066.0,1069.0
1,24,1069.0,463.0,780.0,780.0,1139.0,1170.0,60.0
2,1,60.0,1069.0,463.0,463.0,780.0,1139.0,14.0
2,2,14.0,60.0,1069.0,1069.0,463.0,780.0,15.0
2,3,15.0,14.0,60.0,60.0,1069.0,463.0,297.0
2,4,297.0,15.0,14.0,14.0,60.0,1069.0,262.0
2,5,262.0,297.0,15.0,15.0,14.0,60.0,10.0
2,6,10.0,262.0,297.0,297.0,15.0,14.0,15.0
2,7,15.0,10.0,262.0,262.0,297.0,15.0,10.0
2,8,10.0,15.0,10.0,10.0,262.0,297.0,515.0
2,9,515.0,10.0,15.0,15.0,10.0,262.0,1039.0
2,10,1039.0,515.0,10.0,10.0,15.0,10.0,1031.0
2,11,1031.0,1039.0,515.0,515.0,10.0,15.0,1077.0
2,12,1077.0,1031.0,1039.0,1039.0,515.0,10.0,1848.0
2,13,1848.0,1077.0,1031.0,1031.0,1039.0,515.0,2975.0
2,14,2975.0,1848.0,1077.0,1077.0,1031.0,1039.0,1083.0
2,15,1083.0,2975.0,1848.0,1848.0,1077.0,1031.0,1112.0
2,16,1112.0,1083.0,2975.0,2975.0,1848.0,1077.0,3058.0
2,17,3058.0,1112.0,1083.0,1083.0,2975.0,1848.0,1857.0
2,18,1857.0,3058.0,1112.0,1112.0,1083.0,2975.0,1121.0
2,19,1121.0,1857.0,3058.0,3058.0,1112.0,1083.0,1059.0
2,20,1059.0,1121.0,1857.0,1857.0,3058.0,1112.0,1034.0
2,21,1034.0,1059.0,1121.0,1121.0,1857.0,3058.0,359.0
2,22,359.0,1034.0,1059.0,1059.0,1121.0,1857.0,551.0
2,23,551.0,359.0,1034.0,1034.0,1059.0,1121.0,637.0
2,24,637.0,551.0,359.0,359.0,1034.0,1059.0,23.0
3,1,23.0,637.0,551.0,551.0,359.0,1034.0,0.0
3,2,0.0,23.0,637.0,637.0,551.0,359.0,37.0
3,3,37.0,0.0,23.0,23.0,637.0,551.0,0.0
3,4,0.0,37.0,0.0,0.0,23.0,637.0,19.0
3,5,19.0,0.0,37.0,37.0,0.0,23.0,18.0
3,6,18.0,19.0,0.0,0.0,37.0,0.0,401.0
3,7,401.0,18.0,19.0,19.0,0.0,37.0,962.0
3,8,962.0,401.0,18.0,18.0,19.0,0.0,1047.0
3,9,1047.0,962.0,401.0,401.0,18.0,19.0,1600.0
3,10,1600.0,1047.0,962.0,962.0,401.0,18.0,1537.0
3,11,1537.0,1600.0,1047.0,1047.0,962.0,401.0,1178.0
3,12,1178.0,1537.0,1600.0,1600.0,1047.0,962.0,1089.0
3,13,1089.0,1178.0,1537.0,1537.0,1600.0,1047.0,314.0
3,14,314.0,1089.0,1178.0,1178.0,1537.0,1600.0,20.0
3,15,20.0,314.0,1089.0,1089.0,1178.0,1537.0,17.0
3,16,17.0,20.0,314.0,314.0,1089.0,1178.0,0.0
3,17,0.0,17.0,20.0,20.0,314.0,1089.0,38.0
3,18,38.0,0.0,17.0,17.0,20.0,314.0,0.0
3,19,0.0,38.0,0.0,0.0,17.0,20.0,1068.0
3,20,1068.0,0.0,38.0,38.0,0.0,17.0,1026.0
3,21,1026.0,1068.0,0.0,0.0,38.0,0.0,1075.0
3,22,1075.0,1026.0,1068.0,1068.0,0.0,38.0,1050.0
3,23,1050.0,1075.0,1026.0,1026.0,1068.0,0.0,1107.0
3,24,1107.0,1050.0,1075.0,1075.0,1026.0,1068.0,1098.0
4,1,1098.0,1107.0,1050.0,1050.0,1075.0,1026.0,467.0
4,2,467.0,1098.0,1107.0,1107.0,1050.0,1075.0,40.0
4,3,40.0,467.0,1098.0,1098.0,1107.0,1050.0,0.0
4,4,0.0,40.0,467.0,467.0,1098.0,1107.0,39.0
4,5,39.0,0.0,40.0,40.0,467.0,1098.0,0.0
4,6,0.0,39.0,0.0,0.0,40.0,467.0,1.0
4,7,1.0,0.0,39.0,39.0,0.0,40.0,429.0
4,8,429.0,1.0,0.0,0.0,39.0,0.0,1046.0
4,9,1046.0,429.0,1.0,1.0,0.0,39.0,1094.0
4,10,1094.0,1046.0,429.0,429.0,1.0,0.0,1042.0
4,11,1042.0,1094.0,1046.0,1046.0,429.0,1.0,988.0
4,12,988.0,1042.0,1094.0,1094.0,1046.0,429.0,1031.0
4,13,1031.0,988.0,1042.0,1042.0,1094.0,1046.0,9.0
4,14,9.0,1031.0,988.0,988.0,1042.0,1094.0,1074.0
4,15,1074.0,9.0,1031.0,1031.0,988.0,1042.0,531.0
4,16,531.0,1074.0,9.0,9.0,1031.0,988.0,0.0
4,17,0.0,531.0,1074.0,1074.0,9.0,1031.0,39.0
4,18,39.0,0.0,531.0,531.0,1074.0,9.0,0.0
4,19,0.0,39.0,0.0,0.0,531.0,1074.0,1038.0
4,20,1038.0,0.0,39.0,39.0,0.0,531.0,1049.0
4,21,1049.0,1038.0,0.0,0.0,39.0,0.0,91.0
4,22,91.0,1049.0,1038.0,1038.0,0.0,39.0,38.0
4,23,38.0,91.0,1049.0,1049.0,1038.0,0.0,583.0
4,24,583.0,38.0,91.0,91.0,1049.0,1038.0,1065.0
5,1,1065.0,583.0,38.0,38.0,91.0,1049.0,1083.0
5,2,1083.0,1065.0,583.0,583.0,38.0,91.0,1015.0
5,3,1015.0,1083.0,1065.0,1065.0,583.0,38.0,1068.0
5,4,1068.0,1015.0,1083.0,1083.0,1065.0,583.0,0.0
5,5,0.0,1068.0,1015.0,1015.0,1083.0,1065.0,0.0
5,6,0.0,0.0,1068.0,1068.0,1015.0,1083.0,37.0
5,7,37.0,0.0,0.0,0.0,1068.0,1015.0,0.0
5,8,0.0,37.0,0.0,0.0,0.0,1068.0,21.0
5,9,21.0,0.0,37.0,37.0,0.0,0.0,16.0
5,10,16.0,21.0,0.0,0.0,37.0,0.0,388.0
5,11,388.0,16.0,21.0,21.0,0.0,37.0,1096.0
5,12,1096.0,388.0,16.0,16.0,21.0,0.0,1222.0
5,13,1222.0,1096.0,388.0,388.0,16.0,21.0,1056.0
5,14,1056.0,1222.0,1096.0,1096.0,388.0,16.0,803.0
5,15,803.0,1056.0,1222.0,1222.0,1096.0,388.0,2943.0
5,16,2943.0,803.0,1056.0,1056.0,1222.0,1096.0,1781.0
5,17,1781.0,2943.0,803.0,803.0,1056.0,1222.0,1641.0
5,18,1641.0,1781.0,2943.0,2943.0,803.0,1056.0,1160.0
5,19,1160.0,1641.0,1781.0,1781.0,2943.0,803.0,2420.0
5,20,2420.0,1160.0,1641.0,1641.0,1781.0,2943.0,3389.0
5,21,3389.0,2420.0,1160.0,1160.0,1641.0,1781.0,1587.0
5,22,1587.0,3389.0,2420.0,2420.0,1160.0,1641.0,1617.0
5,23,1617.0,1587.0,3389.0,3389.0,2420.0,1160.0,1735.0
5,24,1735.0,1617.0,1587.0,1587.0,3389.0,2420.0,1075.0
6,1,1075.0,1735.0,1617.0,1617.0,1587.0,3389.0,1865.0
6,2,1865.0,1075.0,1735.0,1735.0,1617.0,1587.0,1749.0
6,3,1749.0,1865.0,1075.0,1075.0,1735.0,1617.0,417.0
6,4,417.0,1749.0,1865.0,1865.0,1075.0,1735.0,24.0
6,5,24.0,417.0,1749.0,1749.0,1865.0,1075.0,0.0
6,6,0.0,24.0,417.0,417.0,1749.0,1865.0,38.0
6,7,38.0,0.0,24.0,24.0,417.0,1749.0,0.0
6,8,0.0,38.0,0.0,0.0,24.0,417.0,12.0
6,9,12.0,0.0,38.0,38.0,0.0,24.0,26.0
6,10,26.0,12.0,0.0,0.0,38.0,0.0,412.0
6,11,412.0,26.0,12.0,12.0,0.0,38.0,1610.0
6,12,1610.0,412.0,26.0,26.0,12.0,0.0,818.0
6,13,818.0,1610.0,412.0,412.0,26.0,12.0,1723.0
6,14,1723.0,818.0,1610.0,1610.0,412.0,26.0,1418.0
6,15,1418.0,1723.0,818.0,818.0,1610.0,412.0,1082.0
6,16,1082.0,1418.0,1723.0,1723.0,818.0,1610.0,2021.0
6,17,2021.0,1082.0,1418.0,1418.0,1723.0,818.0,2630.0
6,18,2630.0,2021.0,1082.0,1082.0,1418.0,1723.0,1513.0
6,19,1513.0,2630.0,2021.0,2021.0,1082.0,1418.0,1308.0
6,20,1308.0,1513.0,2630.0,2630.0,2021.0,1082.0,1144.0
6,21,1144.0,1308.0,1513.0,1513.0,2630.0,2021.0,1061.0
6,22,1061.0,1144.0,1308.0,1308.0,1513.0,2630.0,320.0
6,23,320.0,1061.0,1144.0,1144.0,1308.0,1513.0,39.0
6,24,39.0,320.0,1061.0,1061.0,1144.0,1308.0,1230.0
0,1,1230.0,39.0,320.0,320.0,1061.0,1144.0,79.0
0,2,79.0,1230.0,39.0,39.0,320.0,1061.0,10.0
0,3,10.0,79.0,1230.0,1230.0,39.0,320.0,19.0
0,4,19.0,10.0,79.0,79.0,1230.0,39.0,42.0
0,5,42.0,19.0,10.0,10.0,79.0,1230.0,10.0
0,6,10.0,42.0,19.0,19.0,10.0,79.0,826.0
0,7,826.0,10.0,42.0,42.0,19.0,10.0,9.0
0,8,9.0,826.0,10.0,10.0,42.0,19.0,406.0
0,9,406.0,9.0,826.0,826.0,10.0,42.0,1978.0
0,10,1978.0,406.0,9.0,9.0,826.0,10.0,1045.0
0,11,1045.0,1978.0,406.0,406.0,9.0,826.0,1040.0
0,12,1040.0,1045.0,1978.0,1978.0,406.0,9.0,3.0
0,13,3.0,1040.0,1045.0,1045.0,1978.0,406.0,0.0
0,14,0.0,3.0,1040.0,1040.0,1045.0,1978.0,38.0
0,15,38.0,0.0,3.0,3.0,1040.0,1045.0,646.0
0,16,646.0,38.0,0.0,0.0,3.0,1040.0,1106.0
0,17,1106.0,646.0,38.0,38.0,0.0,3.0,235.0
0,18,235.0,1106.0,646.0,646.0,38.0,0.0,0.0
0,19,0.0,235.0,1106.0,1106.0,646.0,38.0,40.0
0,20,40.0,0.0,235.0,235.0,1106.0,646.0,450.0
0,21,450.0,40.0,0.0,0.0,235.0,1106.0,1966.0
0,22,1966.0,450.0,40.0,40.0,0.0,235.0,1280.0
0,23,1280.0,1966.0,450.0,450.0,40.0,0.0,38.0
0,24,38.0,1280.0,1966.0,1966.0,450.0,40.0,43.0
1,1,43.0,38.0,1280.0,1280.0,1966.0,450.0,121.0
1,2,121.0,43.0,38.0,38.0,1280.0,1966.0,484.0
1,3,484.0,121.0,43.0,43.0,38.0,1280.0,51.0
1,4,51.0,484.0,121.0,121.0,43.0,38.0,9.0
1,5,9.0,51.0,484.0,484.0,121.0,43.0,9.0
1,6,9.0,9.0,51.0,51.0,484.0,121.0,35.0
1,7,35.0,9.0,9.0,9.0,51.0,484.0,0.0
1,8,0.0,35.0,9.0,9.0,9.0,51.0,297.0
1,9,297.0,0.0,35.0,35.0,9.0,9.0,1424.0
1,10,1424.0,297.0,0.0,0.0,35.0,9.0,612.0
1,11,612.0,1424.0,297.0,297.0,0.0,35.0,59.0
1,12,59.0,612.0,1424.0,1424.0,297.0,0.0,0.0
1,13,0.0,59.0,612.0,612.0,1424.0,297.0,4.0
1,14,4.0,0.0,59.0,59.0,612.0,1424.0,37.0
1,15,37.0,4.0,0.0,0.0,59.0,612.0,404.0
1,16,404.0,37.0,4.0,4.0,0.0,59.0,897.0
1,17,897.0,404.0,37.0,37.0,4.0,0.0,18.0
1,18,18.0,897.0,404.0,404.0,37.0,4.0,0.0
1,19,0.0,18.0,897.0,897.0,404.0,37.0,36.0
1,20,36.0,0.0,18.0,18.0,897.0,404.0,4.0
1,21,4.0,36.0,0.0,0.0,18.0,897.0,73.0
1,22,73.0,4.0,36.0,36.0,0.0,18.0,1089.0
1,23,1089.0,73.0,4.0,4.0,36.0,0.0,436.0
1,24,436.0,1089.0,73.0,73.0,4.0,36.0,8.0
2,1,8.0,436.0,1089.0,1089.0,73.0,4.0,32.0
2,2,32.0,8.0,436.0,436.0,1089.0,73.0,0.0
2,3,0.0,32.0,8.0,8.0,436.0,1089.0,32.0
2,4,32.0,0.0,32.0,32.0,8.0,436.0,10.0
2,5,10.0,32.0,0.0,0.0,32.0,8.0,0.0
2,6,0.0,10.0,32.0,32.0,0.0,32.0,75.0
2,7,75.0,0.0,10.0,10.0,32.0,0.0,1085.0
2,8,1085.0,75.0,0.0,0.0,10.0,32.0,1070.0
2,9,1070.0,1085.0,75.0,75.0,0.0,10.0,1663.0
2,10,1663.0,1070.0,1085.0,1085.0,75.0,0.0,1623.0
2,11,1623.0,1663.0,1070.0,1070.0,1085.0,75.0,1048.0
2,12,1048.0,1623.0,1663.0,1663.0,1070.0,1085.0,1563.0
2,13,1563.0,1048.0,1623.0,1623.0,1663.0,1070.0,1095.0
2,14,1095.0,1563.0,1048.0,1048.0,1623.0,1663.0,1104.0
2,15,1104.0,1095.0,1563.0,1563.0,1048.0,1623.0,1101.0
2,16,1101.0,1104.0,1095.0,1095.0,1563.0,1048.0,2076.0
2,17,2076.0,1101.0,1104.0,1104.0,1095.0,1563.0,1471.0
2,18,1471.0,2076.0,1101.0,1101.0,1104.0,1095.0,537.0
2,19,537.0,1471.0,2076.0,2076.0,1101.0,1104.0,30.0
2,20,30.0,537.0,1471.0,1471.0,2076.0,1101.0,44.0
2,21,44.0,30.0,537.0,537.0,1471.0,2076.0,39.0
2,22,39.0,44.0,30.0,30.0,537.0,1471.0,1052.0
2,23,1052.0,39.0,44.0,44.0,30.0,537.0,1480.0
2,24,1480.0,1052.0,39.0,39.0,44.0,30.0,568.0
3,1,568.0,1480.0,1052.0,1052.0,39.0,44.0,29.0
3,2,29.0,568.0,1480.0,1480.0,1052.0,39.0,12.0
3,3,12.0,29.0,568.0,568.0,1480.0,1052.0,0.0
3,4,0.0,12.0,29.0,29.0,568.0,1480.0,42.0
3,5,42.0,0.0,12.0,12.0,29.0,568.0,6.0
3,6,6.0,42.0,0.0,0.0,12.0,29.0,298.0
3,7,298.0,6.0,42.0,42.0,0.0,12.0,377.0
3,8,377.0,298.0,6.0,6.0,42.0,0.0,741.0
3,9,741.0,377.0,298.0,298.0,6.0,42.0,1062.0
3,10,1062.0,741.0,377.0,377.0,298.0,6.0,1103.0
3,11,1103.0,1062.0,741.0,741.0,377.0,298.0,1065.0
3,12,1065.0,1103.0,1062.0,1062.0,741.0,377.0,1061.0
3,13,1061.0,1065.0,1103.0,1103.0,1062.0,741.0,1102.0
3,14,1102.0,1061.0,1065.0,1065.0,1103.0,1062.0,139.0
3,15,139.0,1102.0,1061.0,1061.0,1065.0,1103.0,0.0
3,16,0.0,139.0,1102.0,1102.0,1061.0,1065.0,47.0
3,17,47.0,0.0,139.0,139.0,1102.0,1061.0,0.0
3,18,0.0,47.0,0.0,0.0,139.0,1102.0,1045.0
3,19,1045.0,0.0,47.0,47.0,0.0,139.0,540.0
3,20,540.0,1045.0,0.0,0.0,47.0,0.0,1089.0
3,21,1089.0,540.0,1045.0,1045.0,0.0,47.0,927.0
3,22,927.0,1089.0,540.0,540.0,1045.0,0.0,821.0
3,23,821.0,927.0,1089.0,1089.0,540.0,1045.0,778.0
3,24,778.0,821.0,927.0,927.0,1089.0,540.0,465.0
4,1,465.0,778.0,821.0,821.0,927.0,1089.0,15.0
4,2,15.0,465.0,778.0,778.0,821.0,927.0,0.0
4,3,0.0,15.0,465.0,465.0,778.0,821.0,43.0
4,4,43.0,0.0,15.0,15.0,465.0,778.0,2.0
4,5,2.0,43.0,0.0,0.0,15.0,465.0,0.0
4,6,0.0,2.0,43.0,43.0,0.0,15.0,39.0
4,7,39.0,0.0,2.0,2.0,43.0,0.0,410.0
4,8,410.0,39.0,0.0,0.0,2.0,43.0,1059.0
4,9,1059.0,410.0,39.0,39.0,0.0,2.0,1086.0
4,10,1086.0,1059.0,410.0,410.0,39.0,0.0,1043.0
4,11,1043.0,1086.0,1059.0,1059.0,410.0,39.0,1054.0
4,12,1054.0,1043.0,1086.0,1086.0,1059.0,410.0,1088.0
4,13,1088.0,1054.0,1043.0,1043.0,1086.0,1059.0,689.0
4,14,689.0,1088.0,1054.0,1054.0,1043.0,1086.0,585.0
4,15,585.0,689.0,1088.0,1088.0,1054.0,1043.0,1113.0
4,16,1113.0,585.0,689.0,689.0,1088.0,1054.0,390.0
4,17,390.0,1113.0,585.0,585.0,689.0,1088.0,40.0
4,18,40.0,390.0,1113.0,1113.0,585.0,689.0,0.0
4,19,0.0,40.0,390.0,390.0,1113.0,585.0,0.0
4,20,0.0,0.0,40.0,40.0,390.0,1113.0,39.0
4,21,39.0,0.0,0.0,0.0,40.0,390.0,701.0
4,22,701.0,39.0,0.0,0.0,0.0,40.0,532.0
4,23,532.0,701.0,39.0,39.0,0.0,0.0,2789.0
4,24,2789.0,532.0,701.0,701.0,39.0,0.0,98.0
5,1,98.0,2789.0,532.0,532.0,701.0,39.0,46.0
5,2,46.0,98.0,2789.0,2789.0,532.0,701.0,10.0
5,3,10.0,46.0,98.0,98.0,2789.0,532.0,61.0
5,4,61.0,10.0,46.0,46.0,98.0,2789.0,10.0
5,5,10.0,61.0,10.0,10.0,46.0,98.0,14.0
5,6,14.0,10.0,61.0,61.0,10.0,46.0,57.0
5,7,57.0,14.0,10.0,10.0,61.0,10.0,566.0
5,8,566.0,57.0,14.0,14.0,10.0,61.0,82.0
5,9,82.0,566.0,57.0,57.0,14.0,10.0,552.0
5,10,552.0,82.0,566.0,566.0,57.0,14.0,531.0
5,11,531.0,552.0,82.0,82.0,566.0,57.0,1173.0
5,12,1173.0,531.0,552.0,552.0,82.0,566.0,1831.0
5,13,1831.0,1173.0,531.0,531.0,552.0,82.0,2171.0
5,14,2171.0,1831.0,1173.0,1173.0,531.0,552.0,1405.0
5,15,1405.0,2171.0,1831.0,1831.0,1173.0,531.0,1700.0
5,16,1700.0,1405.0,2171.0,2171.0,1831.0,1173.0,1113.0
5,17,1113.0,1700.0,1405.0,1405.0,2171.0,1831.0,1084.0
5,18,1084.0,1113.0,1700.0,1700.0,1405.0,2171.0,1052.0
5,19,1052.0,1084.0,1113.0,1113.0,1700.0,1405.0,1071.0
5,20,1071.0,1052.0,1084.0,1084.0,1113.0,1700.0,2197.0
5,21,2197.0,1071.0,1052.0,1052.0,1084.0,1113.0,2232.0
5,22,2232.0,2197.0,1071.0,1071.0,1052.0,1084.0,1083.0
5,23,1083.0,2232.0,2197.0,2197.0,1071.0,1052.0,1779.0
5,24,1779.0,1083.0,2232.0,2232.0,2197.0,1071.0,487.0
6,1,487.0,1779.0,1083.0,1083.0,2232.0,2197.0,31.0
6,2,31.0,487.0,1779.0,1779.0,1083.0,2232.0,0.0
6,3,0.0,31.0,487.0,487.0,1779.0,1083.0,25.0
6,4,25.0,0.0,31.0,31.0,487.0,1779.0,15.0
6,5,15.0,25.0,0.0,0.0,31.0,487.0,166.0
6,6,166.0,15.0,25.0,25.0,0.0,31.0,595.0
6,7,595.0,166.0,15.0,15.0,25.0,0.0,3.0
6,8,3.0,595.0,166.0,166.0,15.0,25.0,0.0
6,9,0.0,3.0,595.0,595.0,166.0,15.0,43.0
6,10,43.0,0.0,3.0,3.0,595.0,166.0,639.0
6,11,639.0,43.0,0.0,0.0,3.0,595.0,465.0
6,12,465.0,639.0,43.0,43.0,0.0,3.0,1342.0
6,13,1342.0,465.0,639.0,639.0,43.0,0.0,2333.0
6,14,2333.0,1342.0,465.0,465.0,639.0,43.0,2241.0
6,15,2241.0,2333.0,1342.0,1342.0,465.0,639.0,3004.0
6,16,3004.0,2241.0,2333.0,2333.0,1342.0,465.0,2418.0
6,17,2418.0,3004.0,2241.0,2241.0,2333.0,1342.0,90.0
6,18,90.0,2418.0,3004.0,3004.0,2241.0,2333.0,546.0
6,19,546.0,90.0,2418.0,2418.0,3004.0,2241.0,1022.0
6,20,1022.0,546.0,90.0,90.0,2418.0,3004.0,1048.0
6,21,1048.0,1022.0,546.0,546.0,90.0,2418.0,1041.0
6,22,1041.0,1048.0,1022.0,1022.0,546.0,90.0,1078.0
6,23,1078.0,1041.0,1048.0,1048.0,1022.0,546.0,1091.0
6,24,1091.0,1078.0,1041.0,1041.0,1048.0,1022.0,1073.0
0,1,1073.0,1091.0,1078.0,1078.0,1041.0,1048.0,1112.0
0,2,1112.0,1073.0,1091.0,1091.0,1078.0,1041.0,157.0
0,3,157.0,1112.0,1073.0,1073.0,1091.0,1078.0,0.0
0,4,0.0,157.0,1112.0,1112.0,1073.0,1091.0,46.0
0,5,46.0,0.0,157.0,157.0,1112.0,1073.0,0.0
0,6,0.0,46.0,0.0,0.0,157.0,1112.0,0.0
0,7,0.0,0.0,46.0,46.0,0.0,157.0,753.0
0,8,753.0,0.0,0.0,0.0,46.0,0.0,1063.0
0,9,1063.0,753.0,0.0,0.0,0.0,46.0,1617.0
0,10,1617.0,1063.0,753.0,753.0,0.0,0.0,1679.0
0,11,1679.0,1617.0,1063.0,1063.0,753.0,0.0,1035.0
0,12,1035.0,1679.0,1617.0,1617.0,1063.0,753.0,1075.0
0,13,1075.0,1035.0,1679.0,1679.0,1617.0,1063.0,587.0
0,14,587.0,1075.0,1035.0,1035.0,1679.0,1617.0,0.0
0,15,0.0,587.0,1075.0,1075.0,1035.0,1679.0,879.0
0,16,879.0,0.0,587.0,587.0,1075.0,1035.0,1074.0
0,17,1074.0,879.0,0.0,0.0,587.0,1075.0,379.0
0,18,379.0,1074.0,879.0,879.0,0.0,587.0,41.0
0,19,41.0,379.0,1074.0,1074.0,879.0,0.0,0.0
0,20,0.0,41.0,379.0,379.0,1074.0,879.0,19.0
0,21,19.0,0.0,41.0,41.0,379.0,1074.0,1160.0
0,22,1160.0,19.0,0.0,0.0,41.0,379.0,279.0
0,23,279.0,1160.0,19.0,19.0,0.0,41.0,550.0
0,24,550.0,279.0,1160.0,1160.0,19.0,0.0,638.0
1,1,638.0,550.0,279.0,279.0,1160.0,19.0,0.0
1,2,0.0,638.0,550.0,550.0,279.0,1160.0,39.0
1,3,39.0,0.0,638.0,638.0,550.0,279.0,0.0
1,4,0.0,39.0,0.0,0.0,638.0,550.0,15.0
1,5,15.0,0.0,39.0,39.0,0.0,638.0,24.0
1,6,24.0,15.0,0.0,0.0,39.0,0.0,0.0
1,7,0.0,24.0,15.0,15.0,0.0,39.0,38.0
1,8,38.0,0.0,24.0,24.0,15.0,0.0,779.0
1,9,779.0,38.0,0.0,0.0,24.0,15.0,431.0
1,10,431.0,779.0,38.0,38.0,0.0,24.0,34.0
1,11,34.0,431.0,779.0,779.0,38.0,0.0,0.0
1,12,0.0,34.0,431.0,431.0,779.0,38.0,39.0
1,13,39.0,0.0,34.0,34.0,431.0,779.0,0.0
1,14,0.0,39.0,0.0,0.0,34.0,431.0,0.0
1,15,0.0,0.0,39.0,39.0,0.0,34.0,38.0
1,16,38.0,0.0,0.0,0.0,39.0,0.0,0.0
1,17,0.0,38.0,0.0,0.0,0.0,39.0,850.0
1,18,850.0,0.0,38.0,38.0,0.0,0.0,1062.0
1,19,1062.0,850.0,0.0,0.0,38.0,0.0,1030.0
1,20,1030.0,1062.0,850.0,850.0,0.0,38.0,1021.0
1,21,1021.0,1030.0,1062.0,1062.0,850.0,0.0,216.0
1,22,216.0,1021.0,1030.0,1030.0,1062.0,850.0,2385.0
1,23,2385.0,216.0,1021.0,1021.0,1030.0,1062.0,116.0
1,24,116.0,2385.0,216.0,216.0,1021.0,1030.0,967.0
2,1,967.0,116.0,2385.0,2385.0,216.0,1021.0,62.0
2,2,62.0,967.0,116.0,116.0,2385.0,216.0,11.0
2,3,11.0,62.0,967.0,967.0,116.0,2385.0,10.0
2,4,10.0,11.0,62.0,62.0,967.0,116.0,58.0
2,5,58.0,10.0,11.0,11.0,62.0,967.0,10.0
2,6,10.0,58.0,10.0,10.0,11.0,62.0,19.0
2,7,19.0,10.0,58.0,58.0,10.0,11.0,650.0
2,8,650.0,19.0,10.0,10.0,58.0,10.0,1063.0
2,9,1063.0,650.0,19.0,19.0,10.0,58.0,1632.0
2,10,1632.0,1063.0,650.0,650.0,19.0,10.0,1618.0
2,11,1618.0,1632.0,1063.0,1063.0,650.0,19.0,1053.0
2,12,1053.0,1618.0,1632.0,1632.0,1063.0,650.0,1248.0
2,13,1248.0,1053.0,1618.0,1618.0,1632.0,1063.0,2247.0
2,14,2247.0,1248.0,1053.0,1053.0,1618.0,1632.0,1180.0
2,15,1180.0,2247.0,1248.0,1248.0,1053.0,1618.0,1131.0
2,16,1131.0,1180.0,2247.0,2247.0,1248.0,1053.0,2955.0
2,17,2955.0,1131.0,1180.0,1180.0,2247.0,1248.0,1158.0
2,18,1158.0,2955.0,1131.0,1131.0,1180.0,2247.0,22.0
2,19,22.0,1158.0,2955.0,2955.0,1131.0,1180.0,7.0
2,20,7.0,22.0,1158.0,1158.0,2955.0,1131.0,69.0
2,21,69.0,7.0,22.0,22.0,1158.0,2955.0,411.0
2,22,411.0,69.0,7.0,7.0,22.0,1158.0,1451.0
2,23,1451.0,411.0,69.0,69.0,7.0,22.0,576.0
2,24,576.0,1451.0,411.0,411.0,69.0,7.0,26.0
3,1,26.0,576.0,1451.0,1451.0,411.0,69.0,0.0
3,2,0.0,26.0,576.0,576.0,1451.0,411.0,0.0
3,3,0.0,0.0,26.0,26.0,576.0,1451.0,64.0
3,4,64.0,0.0,0.0,0.0,26.0,576.0,0.0
3,5,0.0,64.0,0.0,0.0,0.0,26.0,0.0
3,6,0.0,0.0,64.0,64.0,0.0,0.0,749.0
3,7,749.0,0.0,0.0,0.0,64.0,0.0,643.0
3,8,643.0,749.0,0.0,0.0,0.0,64.0,1050.0
3,9,1050.0,643.0,749.0,749.0,0.0,0.0,1052.0
3,10,1052.0,1050.0,643.0,643.0,749.0,0.0,1120.0
3,11,1120.0,1052.0,1050.0,1050.0,643.0,749.0,1055.0
3,12,1055.0,1120.0,1052.0,1052.0,1050.0,643.0,1062.0
3,13,1062.0,1055.0,1120.0,1120.0,1052.0,1050.0,1105.0
3,14,1105.0,1062.0,1055.0,1055.0,1120.0,1052.0,762.0
3,15,762.0,1105.0,1062.0,1062.0,1055.0,1120.0,0.0
3,16,0.0,762.0,1105.0,1105.0,1062.0,1055.0,0.0
3,17,0.0,0.0,762.0,762.0,1105.0,1062.0,62.0
3,18,62.0,0.0,0.0,0.0,762.0,1105.0,0.0
3,19,0.0,62.0,0.0,0.0,0.0,762.0,770.0
3,20,770.0,0.0,62.0,62.0,0.0,0.0,2120.0
3,21,2120.0,770.0,0.0,0.0,62.0,0.0,1464.0
3,22,1464.0,2120.0,770.0,770.0,0.0,62.0,1070.0
3,23,1070.0,1464.0,2120.0,2120.0,770.0,0.0,1083.0
3,24,1083.0,1070.0,1464.0,1464.0,2120.0,770.0,1160.0
4,1,1160.0,1083.0,1070.0,1070.0,1464.0,2120.0,1075.0
4,2,1075.0,1160.0,1083.0,1083.0,1070.0,1464.0,349.0
4,3,349.0,1075.0,1160.0,1160.0,1083.0,1070.0,38.0
4,4,38.0,349.0,1075.0,1075.0,1160.0,1083.0,28.0
4,5,28.0,38.0,349.0,349.0,1075.0,1160.0,0.0
4,6,0.0,28.0,38.0,38.0,349.0,1075.0,42.0
4,7,42.0,0.0,28.0,28.0,38.0,349.0,1722.0
4,8,1722.0,42.0,0.0,0.0,28.0,38.0,632.0
4,9,632.0,1722.0,42.0,42.0,0.0,28.0,0.0
4,10,0.0,632.0,1722.0,1722.0,42.0,0.0,21.0
4,11,21.0,0.0,632.0,632.0,1722.0,42.0,42.0
4,12,42.0,21.0,0.0,0.0,632.0,1722.0,676.0
4,13,676.0,42.0,21.0,21.0,0.0,632.0,9.0
4,14,9.0,676.0,42.0,42.0,21.0,0.0,50.0
4,15,50.0,9.0,676.0,676.0,42.0,21.0,14.0
4,16,14.0,50.0,9.0,9.0,676.0,42.0,0.0
4,17,0.0,14.0,50.0,50.0,9.0,676.0,10.0
4,18,10.0,0.0,14.0,14.0,50.0,9.0,56.0
4,19,56.0,10.0,0.0,0.0,14.0,50.0,188.0
4,20,188.0,56.0,10.0,10.0,0.0,14.0,1061.0
4,21,1061.0,188.0,56.0,56.0,10.0,0.0,1487.0
4,22,1487.0,1061.0,188.0,188.0,56.0,10.0,1058.0
4,23,1058.0,1487.0,1061.0,1061.0,188.0,56.0,1058.0
4,24,1058.0,1058.0,1487.0,1487.0,1061.0,188.0,1080.0
5,1,1080.0,1058.0,1058.0,1058.0,1487.0,1061.0,1125.0
5,2,1125.0,1080.0,1058.0,1058.0,1058.0,1487.0,837.0
5,3,837.0,1125.0,1080.0,1080.0,1058.0,1058.0,0.0
5,4,0.0,837.0,1125.0,1125.0,1080.0,1058.0,44.0
5,5,44.0,0.0,837.0,837.0,1125.0,1080.0,23.0
5,6,23.0,44.0,0.0,0.0,837.0,1125.0,0.0
5,7,0.0,23.0,44.0,44.0,0.0,837.0,0.0
5,8,0.0,0.0,23.0,23.0,44.0,0.0,67.0
5,9,67.0,0.0,0.0,0.0,23.0,44.0,1888.0
5,10,1888.0,67.0,0.0,0.0,0.0,23.0,1737.0
5,11,1737.0,1888.0,67.0,67.0,0.0,0.0,540.0
5,12,540.0,1737.0,1888.0,1888.0,67.0,0.0,9.0
5,13,9.0,540.0,1737.0,1737.0,1888.0,67.0,10.0
5,14,10.0,9.0,540.0,540.0,1737.0,1888.0,1365.0
5,15,1365.0,10.0,9.0,9.0,540.0,1737.0,766.0
5,16,766.0,1365.0,10.0,10.0,9.0,540.0,691.0
5,17,691.0,766.0,1365.0,1365.0,10.0,9.0,102.0
5,18,102.0,691.0,766.0,766.0,1365.0,10.0,50.0
5,19,50.0,102.0,691.0,691.0,766.0,1365.0,101.0
5,20,101.0,50.0,102.0,102.0,691.0,766.0,1020.0
5,21,1020.0,101.0,50.0,50.0,102.0,691.0,63.0
5,22,63.0,1020.0,101.0,101.0,50.0,102.0,665.0
5,23,665.0,63.0,1020.0,1020.0,101.0,50.0,0.0
5,24,0.0,665.0,63.0,63.0,1020.0,101.0,45.0
6,1,45.0,0.0,665.0,665.0,63.0,1020.0,1430.0
6,2,1430.0,45.0,0.0,0.0,665.0,63.0,1529.0
6,3,1529.0,1430.0,45.0,45.0,0.0,665.0,10.0
6,4,10.0,1529.0,1430.0,1430.0,45.0,0.0,56.0
6,5,56.0,10.0,1529.0,1529.0,1430.0,45.0,0.0
6,6,0.0,56.0,10.0,10.0,1529.0,1430.0,0.0
6,7,0.0,0.0,56.0,56.0,10.0,1529.0,599.0
6,8,599.0,0.0,0.0,0.0,56.0,10.0,25.0
6,9,25.0,599.0,0.0,0.0,0.0,56.0,493.0
6,10,493.0,25.0,599.0,599.0,0.0,0.0,1063.0
6,11,1063.0,493.0,25.0,25.0,599.0,0.0,1764.0
6,12,1764.0,1063.0,493.0,493.0,25.0,599.0,1722.0
6,13,1722.0,1764.0,1063.0,1063.0,493.0,25.0,3230.0
6,14,3230.0,1722.0,1764.0,1764.0,1063.0,493.0,2525.0
6,15,2525.0,3230.0,1722.0,1722.0,1764.0,1063.0,2953.0
6,16,2953.0,2525.0,3230.0,3230.0,1722.0,1764.0,1156.0
6,17,1156.0,2953.0,2525.0,2525.0,3230.0,1722.0,1587.0
6,18,1587.0,1156.0,2953.0,2953.0,2525.0,3230.0,1342.0
6,19,1342.0,1587.0,1156.0,1156.0,2953.0,2525.0,1417.0
6,20,1417.0,1342.0,1587.0,1587.0,1156.0,2953.0,1894.0
6,21,1894.0,1417.0,1342.0,1342.0,1587.0,1156.0,1520.0
6,22,1520.0,1894.0,1417.0,1417.0,1342.0,1587.0,785.0
6,23,785.0,1520.0,1894.0,1894.0,1417.0,1342.0,70.0
6,24,70.0,785.0,1520.0,1520.0,1894.0,1417.0,69.0
0,1,69.0,70.0,785.0,785.0,1520.0,1894.0,68.0
0,2,68.0,69.0,70.0,70.0,785.0,1520.0,536.0
0,3,536.0,68.0,69.0,69.0,70.0,785.0,0.0
0,4,0.0,536.0,68.0,68.0,69.0,70.0,38.0
0,5,38.0,0.0,536.0,536.0,68.0,69.0,48.0
0,6,48.0,38.0,0.0,0.0,536.0,68.0,0.0
0,7,0.0,48.0,38.0,38.0,0.0,536.0,642.0
0,8,642.0,0.0,48.0,48.0,38.0,0.0,1112.0
0,9,1112.0,642.0,0.0,0.0,48.0,38.0,1041.0
0,10,1041.0,1112.0,642.0,642.0,0.0,48.0,1036.0
0,11,1036.0,1041.0,1112.0,1112.0,642.0,0.0,1073.0
0,12,1073.0,1036.0,1041.0,1041.0,1112.0,642.0,1070.0
0,13,1070.0,1073.0,1036.0,1036.0,1041.0,1112.0,1049.0
0,14,1049.0,1070.0,1073.0,1073.0,1036.0,1041.0,682.0
0,15,682.0,1049.0,1070.0,1070.0,1073.0,1036.0,64.0
0,16,64.0,682.0,1049.0,1049.0,1070.0,1073.0,0.0
0,17,0.0,64.0,682.0,682.0,1049.0,1070.0,0.0
0,18,0.0,0.0,64.0,64.0,682.0,1049.0,140.0
0,19,140.0,0.0,0.0,0.0,64.0,682.0,1653.0
0,20,1653.0,140.0,0.0,0.0,0.0,64.0,1998.0
0,21,1998.0,1653.0,140.0,140.0,0.0,0.0,2178.0
0,22,2178.0,1998.0,1653.0,1653.0,140.0,0.0,1983.0
0,23,1983.0,2178.0,1998.0,1998.0,1653.0,140.0,1178.0
0,24,1178.0,1983.0,2178.0,2178.0,1998.0,1653.0,30.0
1,1,30.0,1178.0,1983.0,1983.0,2178.0,1998.0,61.0
1,2,61.0,30.0,1178.0,1178.0,1983.0,2178.0,10.0
1,3,10.0,61.0,30.0,30.0,1178.0,1983.0,10.0
1,4,10.0,10.0,61.0,61.0,30.0,1178.0,449.0
1,5,449.0,10.0,10.0,10.0,61.0,30.0,329.0
1,6,329.0,449.0,10.0,10.0,10.0,61.0,0.0
1,7,0.0,329.0,449.0,449.0,10.0,10.0,137.0
1,8,137.0,0.0,329.0,329.0,449.0,10.0,1055.0
1,9,1055.0,137.0,0.0,0.0,329.0,449.0,1037.0
1,10,1037.0,1055.0,137.0,137.0,0.0,329.0,1028.0
1,11,1028.0,1037.0,1055.0,1055.0,137.0,0.0,1095.0
1,12,1095.0,1028.0,1037.0,1037.0,1055.0,137.0,1066.0
1,13,1066.0,1095.0,1028.0,1028.0,1037.0,1055.0,1073.0
1,14,1073.0,1066.0,1095.0,1095.0,1028.0,1037.0,1609.0
1,15,1609.0,1073.0,1066.0,1066.0,1095.0,1028.0,1230.0
1,16,1230.0,1609.0,1073.0,1073.0,1066.0,1095.0,0.0
1,17,0.0,1230.0,1609.0,1609.0,1073.0,1066.0,41.0
1,18,41.0,0.0,1230.0,1230.0,1609.0,1073.0,0.0
1,19,0.0,41.0,0.0,0.0,1230.0,1609.0,116.0
1,20,116.0,0.0,41.0,41.0,0.0,1230.0,528.0
1,21,528.0,116.0,0.0,0.0,41.0,0.0,2685.0
1,22,2685.0,528.0,116.0,116.0,0.0,41.0,1262.0
1,23,1262.0,2685.0,528.0,528.0,116.0,0.0,647.0
1,24,647.0,1262.0,2685.0,2685.0,528.0,116.0,1494.0
2,1,1494.0,647.0,1262.0,1262.0,2685.0,528.0,37.0
2,2,37.0,1494.0,647.0,647.0,1262.0,2685.0,30.0
2,3,30.0,37.0,1494.0,1494.0,647.0,1262.0,674.0
2,4,674.0,30.0,37.0,37.0,1494.0,647.0,10.0
2,5,10.0,674.0,30.0,30.0,37.0,1494.0,49.0
2,6,49.0,10.0,674.0,674.0,30.0,37.0,10.0
2,7,10.0,49.0,10.0,10.0,674.0,30.0,130.0
2,8,130.0,10.0,49.0,49.0,10.0,674.0,1051.0
2,9,1051.0,130.0,10.0,10.0,49.0,10.0,1057.0
2,10,1057.0,1051.0,130.0,130.0,10.0,49.0,1066.0
2,11,1066.0,1057.0,1051.0,1051.0,130.0,10.0,1049.0
2,12,1049.0,1066.0,1057.0,1057.0,1051.0,130.0,326.0
2,13,326.0,1049.0,1066.0,1066.0,1057.0,1051.0,0.0
2,14,0.0,326.0,1049.0,1049.0,1066.0,1057.0,36.0
2,15,36.0,0.0,326.0,326.0,1049.0,1066.0,5.0
2,16,5.0,36.0,0.0,0.0,326.0,1049.0,1090.0
2,17,1090.0,5.0,36.0,36.0,0.0,326.0,1101.0
2,18,1101.0,1090.0,5.0,5.0,36.0,0.0,1428.0
2,19,1428.0,1101.0,1090.0,1090.0,5.0,36.0,1311.0
2,20,1311.0,1428.0,1101.0,1101.0,1090.0,5.0,656.0
2,21,656.0,1311.0,1428.0,1428.0,1101.0,1090.0,2057.0
2,22,2057.0,656.0,1311.0,1311.0,1428.0,1101.0,1196.0
2,23,1196.0,2057.0,656.0,656.0,1311.0,1428.0,1470.0
2,24,1470.0,1196.0,2057.0,2057.0,656.0,1311.0,1568.0
3,1,1568.0,1470.0,1196.0,1196.0,2057.0,656.0,218.0
3,2,218.0,1568.0,1470.0,1470.0,1196.0,2057.0,35.0
3,3,35.0,218.0,1568.0,1568.0,1470.0,1196.0,0.0
3,4,0.0,35.0,218.0,218.0,1568.0,1470.0,36.0
3,5,36.0,0.0,35.0,35.0,218.0,1568.0,0.0
3,6,0.0,36.0,0.0,0.0,35.0,218.0,15.0
3,7,15.0,0.0,36.0,36.0,0.0,35.0,696.0
3,8,696.0,15.0,0.0,0.0,36.0,0.0,1028.0
3,9,1028.0,696.0,15.0,15.0,0.0,36.0,1081.0
3,10,1081.0,1028.0,696.0,696.0,15.0,0.0,1051.0
3,11,1051.0,1081.0,1028.0,1028.0,696.0,15.0,1073.0
3,12,1073.0,1051.0,1081.0,1081.0,1028.0,696.0,1059.0
3,13,1059.0,1073.0,1051.0,1051.0,1081.0,1028.0,1028.0
3,14,1028.0,1059.0,1073.0,1073.0,1051.0,1081.0,36.0
3,15,36.0,1028.0,1059.0,1059.0,1073.0,1051.0,0.0
3,16,0.0,36.0,1028.0,1028.0,1059.0,1073.0,36.0
3,17,36.0,0.0,36.0,36.0,1028.0,1059.0,0.0
3,18,0.0,36.0,0.0,0.0,36.0,1028.0,12.0
3,19,12.0,0.0,36.0,36.0,0.0,36.0,219.0
3,20,219.0,12.0,0.0,0.0,36.0,0.0,1391.0
3,21,1391.0,219.0,12.0,12.0,0.0,36.0,1108.0
3,22,1108.0,1391.0,219.0,219.0,12.0,0.0,3632.0
3,23,3632.0,1108.0,1391.0,1391.0,219.0,12.0,1632.0
3,24,1632.0,3632.0,1108.0,1108.0,1391.0,219.0,2403.0
4,1,2403.0,1632.0,3632.0,3632.0,1108.0,1391.0,750.0
4,2,750.0,2403.0,1632.0,1632.0,3632.0,1108.0,10.0
4,3,10.0,750.0,2403.0,2403.0,1632.0,3632.0,50.0
4,4,50.0,10.0,750.0,750.0,2403.0,1632.0,10.0
4,5,10.0,50.0,10.0,10.0,750.0,2403.0,46.0
4,6,46.0,10.0,50.0,50.0,10.0,750.0,13.0
4,7,13.0,46.0,10.0,10.0,50.0,10.0,19.0
4,8,19.0,13.0,46.0,46.0,10.0,50.0,574.0
4,9,574.0,19.0,13.0,13.0,46.0,10.0,1039.0
4,10,1039.0,574.0,19.0,19.0,13.0,46.0,1094.0
4,11,1094.0,1039.0,574.0,574.0,19.0,13.0,1005.0
4,12,1005.0,1094.0,1039.0,1039.0,574.0,19.0,740.0
4,13,740.0,1005.0,1094.0,1094.0,1039.0,574.0,1071.0
4,14,1071.0,740.0,1005.0,1005.0,1094.0,1039.0,1073.0
4,15,1073.0,1071.0,740.0,740.0,1005.0,1094.0,1092.0
4,16,1092.0,1073.0,1071.0,1071.0,740.0,1005.0,1081.0
4,17,1081.0,1092.0,1073.0,1073.0,1071.0,740.0,1104.0
4,18,1104.0,1081.0,1092.0,1092.0,1073.0,1071.0,410.0
4,19,410.0,1104.0,1081.0,1081.0,1092.0,1073.0,31.0
4,20,31.0,410.0,1104.0,1104.0,1081.0,1092.0,5.0
4,21,5.0,31.0,410.0,410.0,1104.0,1081.0,3.0
4,22,3.0,5.0,31.0,31.0,410.0,1104.0,33.0
4,23,33.0,3.0,5.0,5.0,31.0,410.0,0.0
4,24,0.0,33.0,3.0,3.0,5.0,31.0,36.0
5,1,36.0,0.0,33.0,33.0,3.0,5.0,0.0
5,2,0.0,36.0,0.0,0.0,33.0,3.0,26.0
5,3,26.0,0.0,36.0,36.0,0.0,33.0,10.0
5,4,10.0,26.0,0.0,0.0,36.0,0.0,871.0
5,5,871.0,10.0,26.0,26.0,0.0,36.0,109.0
5,6,109.0,871.0,10.0,10.0,26.0,0.0,0.0
5,7,0.0,109.0,871.0,871.0,10.0,26.0,37.0
5,8,37.0,0.0,109.0,109.0,871.0,10.0,120.0
5,9,120.0,37.0,0.0,0.0,109.0,871.0,1078.0
5,10,1078.0,120.0,37.0,37.0,0.0,109.0,872.0
5,11,872.0,1078.0,120.0,120.0,37.0,0.0,0.0
5,12,0.0,872.0,1078.0,1078.0,120.0,37.0,36.0
5,13,36.0,0.0,872.0,872.0,1078.0,120.0,0.0
5,14,0.0,36.0,0.0,0.0,872.0,1078.0,37.0
5,15,37.0,0.0,36.0,36.0,0.0,872.0,0.0
5,16,0.0,37.0,0.0,0.0,36.0,0.0,13.0
5,17,13.0,0.0,37.0,37.0,0.0,36.0,23.0
5,18,23.0,13.0,0.0,0.0,37.0,0.0,453.0
5,19,453.0,23.0,13.0,13.0,0.0,37.0,168.0
5,20,168.0,453.0,23.0,23.0,13.0,0.0,0.0
5,21,0.0,168.0,453.0,453.0,23.0,13.0,29.0
5,22,29.0,0.0,168.0,168.0,453.0,23.0,7.0
5,23,7.0,29.0,0.0,0.0,168.0,453.0,0.0
5,24,0.0,7.0,29.0,29.0,0.0,168.0,36.0
6,1,36.0,0.0,7.0,7.0,29.0,0.0,0.0
6,2,0.0,36.0,0.0,0.0,7.0,29.0,36.0
6,3,36.0,0.0,36.0,36.0,0.0,7.0,0.0
6,4,0.0,36.0,0.0,0.0,36.0,0.0,473.0
6,5,473.0,0.0,36.0,36.0,0.0,36.0,325.0
6,6,325.0,473.0,0.0,0.0,36.0,0.0,0.0
6,7,0.0,325.0,473.0,473.0,0.0,36.0,36.0
6,8,36.0,0.0,325.0,325.0,473.0,0.0,0.0
6,9,0.0,36.0,0.0,0.0,325.0,473.0,10.0
6,10,10.0,0.0,36.0,36.0,0.0,325.0,25.0
6,11,25.0,10.0,0.0,0.0,36.0,0.0,0.0
6,12,0.0,25.0,10.0,10.0,0.0,36.0,36.0
6,13,36.0,0.0,25.0,25.0,10.0,0.0,0.0
6,14,0.0,36.0,0.0,0.0,25.0,10.0,11.0
6,15,11.0,0.0,36.0,36.0,0.0,25.0,922.0
6,16,922.0,11.0,0.0,0.0,36.0,0.0,0.0
6,17,0.0,922.0,11.0,11.0,0.0,36.0,35.0
6,18,35.0,0.0,922.0,922.0,11.0,0.0,0.0
6,19,0.0,35.0,0.0,0.0,922.0,11.0,11.0
6,20,11.0,0.0,35.0,35.0,0.0,922.0,24.0
6,21,24.0,11.0,0.0,0.0,35.0,0.0,0.0
6,22,0.0,24.0,11.0,11.0,0.0,35.0,35.0
6,23,35.0,0.0,24.0,24.0,11.0,0.0,0.0
6,24,0.0,35.0,0.0,0.0,24.0,11.0,10.0
0,1,10.0,0.0,35.0,35.0,0.0,24.0,262.0
0,2,262.0,10.0,0.0,0.0,35.0,0.0,691.0
0,3,691.0,262.0,10.0,10.0,0.0,35.0,35.0
0,4,35.0,691.0,262.0,262.0,10.0,0.0,0.0
0,5,0.0,35.0,691.0,691.0,262.0,10.0,8.0
0,6,8.0,0.0,35.0,35.0,691.0,262.0,26.0
0,7,26.0,8.0,0.0,0.0,35.0,691.0,0.0
0,8,0.0,26.0,8.0,8.0,0.0,35.0,34.0
0,9,34.0,0.0,26.0,26.0,8.0,0.0,0.0
0,10,0.0,34.0,0.0,0.0,26.0,8.0,5.0
0,11,5.0,0.0,34.0,34.0,0.0,26.0,29.0
0,12,29.0,5.0,0.0,0.0,34.0,0.0,508.0
0,13,508.0,29.0,5.0,5.0,0.0,34.0,481.0
0,14,481.0,508.0,29.0,29.0,5.0,0.0,0.0
0,15,0.0,481.0,508.0,508.0,29.0,5.0,2.0
0,16,2.0,0.0,481.0,481.0,508.0,29.0,32.0
0,17,32.0,2.0,0.0,0.0,481.0,508.0,0.0
0,18,0.0,32.0,2.0,2.0,0.0,481.0,34.0
0,19,34.0,0.0,32.0,32.0,2.0,0.0,0.0
0,20,0.0,34.0,0.0,0.0,32.0,2.0,0.0
0,21,0.0,0.0,34.0,34.0,0.0,32.0,34.0
0,22,34.0,0.0,0.0,0.0,34.0,0.0,0.0
0,23,0.0,34.0,0.0,0.0,0.0,34.0,635.0
0,24,635.0,0.0,34.0,34.0,0.0,0.0,345.0
1,1,345.0,635.0,0.0,0.0,34.0,0.0,0.0
1,2,0.0,345.0,635.0,635.0,0.0,34.0,34.0
1,3,34.0,0.0,345.0,345.0,635.0,0.0,0.0
1,4,0.0,34.0,0.0,0.0,345.0,635.0,34.0
1,5,34.0,0.0,34.0,34.0,0.0,345.0,0.0
1,6,0.0,34.0,0.0,0.0,34.0,0.0,0.0
1,7,0.0,0.0,34.0,34.0,0.0,34.0,33.0
1,8,33.0,0.0,0.0,0.0,34.0,0.0,0.0
1,9,0.0,33.0,0.0,0.0,0.0,34.0,29.0
1,10,29.0,0.0,33.0,33.0,0.0,0.0,858.0
1,11,858.0,29.0,0.0,0.0,33.0,0.0,101.0
1,12,101.0,858.0,29.0,29.0,0.0,33.0,34.0
1,13,34.0,101.0,858.0,858.0,29.0,0.0,0.0
1,14,0.0,34.0,101.0,101.0,858.0,29.0,20.0
1,15,20.0,0.0,34.0,34.0,101.0,858.0,14.0
1,16,14.0,20.0,0.0,0.0,34.0,101.0,0.0
1,17,0.0,14.0,20.0,20.0,0.0,34.0,35.0
1,18,35.0,0.0,14.0,14.0,20.0,0.0,0.0
1,19,0.0,35.0,0.0,0.0,14.0,20.0,12.0
1,20,12.0,0.0,35.0,35.0,0.0,14.0,52.0
1,21,52.0,12.0,0.0,0.0,35.0,0.0,940.0
1,22,940.0,52.0,12.0,12.0,0.0,35.0,35.0
1,23,35.0,940.0,52.0,52.0,12.0,0.0,0.0
1,24,0.0,35.0,940.0,940.0,52.0,12.0,7.0
2,1,7.0,0.0,35.0,35.0,940.0,52.0,27.0
2,2,27.0,7.0,0.0,0.0,35.0,940.0,0.0
2,3,0.0,27.0,7.0,7.0,0.0,35.0,35.0
2,4,35.0,0.0,27.0,27.0,7.0,0.0,0.0
2,5,0.0,35.0,0.0,0.0,27.0,7.0,3.0
2,6,3.0,0.0,35.0,35.0,0.0,27.0,32.0
2,7,32.0,3.0,0.0,0.0,35.0,0.0,76.0
2,8,76.0,32.0,3.0,3.0,0.0,35.0,944.0
2,9,944.0,76.0,32.0,32.0,3.0,0.0,0.0
2,10,0.0,944.0,76.0,76.0,32.0,3.0,0.0
2,11,0.0,0.0,944.0,944.0,76.0,32.0,35.0
2,12,35.0,0.0,0.0,0.0,944.0,76.0,0.0
2,13,0.0,35.0,0.0,0.0,0.0,944.0,35.0
2,14,35.0,0.0,35.0,35.0,0.0,0.0,0.0
2,15,0.0,35.0,0.0,0.0,35.0,0.0,0.0
2,16,0.0,0.0,35.0,35.0,0.0,35.0,35.0
2,17,35.0,0.0,0.0,0.0,35.0,0.0,0.0
2,18,0.0,35.0,0.0,0.0,0.0,35.0,33.0
2,19,33.0,0.0,35.0,35.0,0.0,0.0,989.0
2,20,989.0,33.0,0.0,0.0,35.0,0.0,0.0
2,21,0.0,989.0,33.0,33.0,0.0,35.0,34.0
2,22,34.0,0.0,989.0,989.0,33.0,0.0,0.0
2,23,0.0,34.0,0.0,0.0,989.0,33.0,31.0
