368.5363741891466,16.51628614946514
122.8008194518341,-7.097539183148535
202.9271265823475,24.90834505784204
299.748274307185,106.3738105247985
990.8878917454795,-41.87101731945484
836.6614899984465,-30.75600312697699
556.0631799023982,-139.0492739340106
787.3804632173401,86.64354436786992
654.9377037431153,-115.1676169341083
704.4865621915104,33.478958411078
918.7965346336248,-214.488526886973
392.1501995217603,16.739479205539
137.9124773017412,-54.80381685717168,136.8200285122249
53.25981499405004,35.36485660959764,-37.16818864605496
637.3173559429384,137.1714545077761,87.38144607395226
745.5719399535857,-57.39142093657407,345.6667049658507
493.8726667579797,75.67936061590024,349.6711556528813
312.3244590400932,41.56793393985862,253.657840652285
566.2169760000519,131.5347575806222,199.0676152728507
861.0936898699979,-155.7108670912245,341.9342015281738
